0
0
1
4
9
10
13
26
27
28
34
44
50
44
46
86
105
90
126
78
80
153
151
139
114
104
148
128
125
143
181
194
208
202
219
215
240
272
277
261
256
254
290
286
302
337
321
338
336
369
387
416
461
455
448
466
486
520
497
525
595
697
612
619
682
756
628
677
844
821
744
845
901
915
864
1168
887
926
1000
956
1245
1424
1153
1060
1376
1089
1092
1315
1110
1499
1290
1511
1345
1491
1438
1531
1500
1571
1536
1701
1781
1769
1933
1844
1849
1834
1989
2216
2116
1949
1966
2105
2041
2172
2827
2226
2305
2293
2292
2343
2388
2385
2532
2487
2513
2633
2611
2643
2652
2811
2653
2856
2882
2833
2985
2883
2992
3014
3324
3139
3093
3252
3443
3920
3202
3464
3514
3423
3497
3607
3651
3584
3670
3741
3699
3749
3857
3935
3880
3981
4035
4329
6355
4996
4468
4482
4711
5146
5009
4389
4587
4581
4632
4767
4735
4768
4824
4969
4923
5442
5820
5476
5201
5163
5364
5367
5427
5443
5633
5743
6443
6323
5785
5792
5894
5851
6038
6010
6236
6135
6678
6308
6505
6464
6484
6634
6552
6648
6709
6822
6855
7002
6945
7001
7412
7200
7371
7552
8943
7294
7757
8557
7682
7853
7840
7800
7946
7911
8114
8156
8135
8231
8302
8425
8525
8553
8625
9840
9296
8762
8788
9020
10582
8808
9965
9812
9213
9507
9284
9604
10195
9709
9686
9793
9812
9881
10032
10221
10203
10362
11017
11091
10608
10977
10856
10900
10781
10681
10923
11002
11108
11235
11337
11402
11650
12657
11111
11869
11913
11777
11933
12783
12110
12194
12350
12137
13064
12542
13758
12787
13062
13058
13005
13820
12797
14233
15274
15414
13511
14492
13459
13456
13545
14185
13870
14441
14867
14432
14412
14533
14884
15090
16564
15216
15563
14956
15743
15069
16432
15158
15838
15851
16495
15787
15732
15852
16200
16122
16692
17139
16051
16225
17269
16950
17341
17071
17022
17033
17089
17413
19115
17186
17263
18434
17975
18235
17683
18334
18175
18622
18197
18611
18899
18587
18829
18827
19223
19716
19332
19741
19742
19606
24194
22462
19916
20030
20337
20718
21114
25104
20657
20688
21948
21125
21078
21207
21230
22563
21486
21543
21606
22592
24243
22686
22284
22215
24144
23364
22589
22806
24050
23220
23479
24739
23707
24303
24244
23585
23661
24997
