0
1
1
2
2
3
3
4
3
4
4
4
5
6
4
5
5
5
6
62
6
7
7
7
8
8
8
9
9
9
10
10
10
11
11
11
12
12
12
12
13
13
13
14
14
14
15
15
15
16
17
15
16
15
15
15
16
16
16
16
17
27
17
18
18
18
18
19
19
19
20
20
20
21
21
21
21
22
22
22
22
23
23
23
24
24
24
24
24
25
25
25
26
26
26
27
27
27
27
28
38
28
29
29
29
29
30
30
30
31
31
31
31
32
32
32
32
33
33
33
34
34
34
35
35
35
35
36
36
46
36
37
37
37
37
38
38
38
39
39
39
40
40
40
41
41
41
41
42
42
42
43
52
43
43
44
44
44
44
45
45
45
45
46
46
46
47
47
47
47
48
48
48
59
49
49
49
50
50
50
51
51
51
51
52
52
52
53
53
53
53
78
59
60
60
60
62
78
84
72
89
82
97
119
102
118
101
100
101
179
101
105
111
102
102
87
87
88
76
79
77
80
80
84
178
248
123
123
131
150
182
208
282
252
190
192
140
140
141
182
156
157
157
158
218
257
203
210
171
278
116
117
125
191
245
199
185
128
130
390
184
189
176
171
242
227
385
176
117
131
113
110
110
111
80
81
91
82
82
82
83
83
83
83
80
95
86
77
78
78
78
84
117
86
86
86
91
80
81
81
81
83
104
99
109
154
128
111
111
111
112
91
92
85
81
93
82
82
82
83
83
83
83
84
84
80
78
91
79
79
79
79
80
80
80
80
81
81
81
92
81
82
82
82
82
83
83
83
83
84
94
84
84
85
85
85
85
86
86
161
129
146
279
464
271
162
159
243
733
218
255
237
457
228
174
173
174
175
183
200
177
176
177
334
189
179
239
192
164
178
178
180
158
228
154
139
129
129
128
133
131
114
113
114
114
109
110
109
106
117
106
107
107
107
231
192
142
142
126
123
124
124
159
144
145
152
145
146
146
165
216
148
148
148
177
165
151
149
203
150
158
136
136
137
137
137
137
151
139
138
265
677
302
301
353
303
355
408
631
347
727
272
1324
408
261
173
158
177
159
156
153
153
153
168
154
154
154
136
135
147
135
142
149
150
143
143
170
142
138
138
150
152
166
153
151
146
146
147
159
147
148
147
148
148
148
169
162
149
152
157
172
158
158
158
158
159
173
152
146
149
238
612
365
335
425
594
458
367
351
284
292
285
301
320
296
289
469
297
235
324
259
263
272
260
199
196
196
209
239
284
258
328
305
347
253
261
239
253
204
201
278
243
257
222
253
222
230
230
288
297
256
361
752
459
479
387
360
673
740
658
426
404
351
269
228
224
216
214
217
202
206
201
213
226
230
243
240
204
201
269
400
299
219
217
234
280
285
261
235
232
246
310
282
282
325
301
272
243
223
233
420
322
273
688
556
342
352
301
288
266
305
293
313
400
346
397
377
341
296
315
297
352
298
298
319
299
305
340
300
301
321
302
315
321
303
304
324
304
379
343
306
327
325
325
335
354
421
429
301
311
348
333
312
313
297
310
292
293
293
294
295
312
295
295
314
340
421
326
318
350
319
299
334
300
322
352
321
301
317
302
303
318
303
304
319
305
305
332
306
307
322
307
318
333
309
406
362
310
325
310
312
333
312
313
328
333
314
328
315
316
316
316
350
317
317
333
318
319
334
319
319
335
331
328
327
302
317
308
303
317
316
325
356
325
341
327
306
339
309
317
322
309
309
323
310
311
323
325
318
347
332
351
313
330
327
314
315
329
323
337
353
338
352
340
340
332
319
319
365
357
391
366
368
383
361
406
398
392
462
381
405
358
382
420
365
358
362
405
404
402
440
416
378
360
366
352
379
354
353
368
355
395
357
356
371
358
386
358
357
376
367
400
386
382
357
339
353
340
353
355
347
378
383
410
411
460
394
449
502
461
466
457
472
471
462
477
449
482
457
496
458
465
443
504
517
478
461
462
488
509
498
483
489
461
487
503
555
496
507
491
470
484
494
472
500
519
475
632
567
399
418
454
492
515
463
537
415
439
416
405
537
579
560
590
498
620
426
438
422
421
410
394
412
411
412
396
413
397
397
415
398
435
399
419
399
421
401
401
401
401
421
402
422
404
424
404
515
419
426
407
407
419
487
426
426
409
426
410
411
411
412
430
458
435
414
432
414
434
415
435
416
436
417
416
433
418
453
422
440
420
442
427
444
422
443
422
440
428
444
423
451
425
425
424
426
456
429
445
428
422
401
415
403
427
405
405
420
431
421
405
454
400
338
326
326
337
326
327
347
336
329
328
328
340
329
329
401
342
334
343
349
306
298
289
289
301
283
267
279
279
267
267
277
284
292
303
294
293
304
299
288
281
293
285
303
294
295
316
338
319
336
339
298
307
285
290
307
292
285
295
287
289
309
296
288
313
315
315
325
324
315
326
302
302
320
317
310
313
316
321
344
335
307
345
330
311
346
336
398
338
324
322
308
300
309
311
309
319
334
314
320
311
311
340
310
303
337
328
327
337
326
318
323
314
338
374
348
332
315
325
344
346
350
358
331
341
339
332
343
341
333
344
334
334
349
333
330
331
336
331
383
348
369
353
364
344
330
348
333
330
334
318
317
334
360
334
326
318
334
327
320
332
331
359
354
340
324
325
316
361
372
352
377
332
346
357
346
331
326
324
350
362
348
377
348
345
332
331
345
335
347
335
329
372
369
380
373
393
366
360
376
341
364
371
451
414
384
356
360
380
384
336
335
348
376
386
369
360
379
377
388
365
354
377
378
387
360
356
369
370
388
362
357
342
334
393
385
365
385
393
406
360
378
373
360
455
404
367
422
380
377
368
364
362
353
381
339
353
364
391
355
377
390
374
357
371
375
374
402
367
343
353
352
368
359
360
358
406
370
369
376
388
381
400
429
444
517
521
391
407
370
364
374
365
374
362
400
401
403
376
376
461
384
367
411
386
378
358
362
385
370
387
394
409
393
371
378
356
384
389
372
413
402
405
406
400
401
411
456
386
398
400
385
372
360
428
413
434
457
426
428
417
479
414
403
379
379
407
387
380
380
428
387
392
396
399
404
390
383
403
401
426
408
424
382
369
429
462
413
403
383
356
409
442
429
398
388
398
389
390
428
468
383
391
401
390
401
440
477
506
431
453
448
421
419
419
393
447
416
395
422
409
394
477
484
443
417
397
397
416
398
409
398
430
419
413
400
400
440
446
459
460
411
423
440
402
406
397
397
422
421
448
441
413
404
414
405
405
423
410
503
468
436
513
664
461
401
391
462
391
413
409
412
439
407
449
394
417
412
450
419
447
461
422
413
400
424
407
465
516
423
393
406
421
428
470
407
431
416
446
418
434
444
410
422
437
419
406
431
408
411
421
492
565
430
449
441
422
431
410
460
442
435
423
434
446
434
425
423
407
490
594
465
377
431
431
435
437
418
448
426
421
437
458
429
439
440
477
431
467
458
442
442
421
456
459
443
433
453
482
432
431
455
435
445
518
496
448
456
477
446
438
542
500
416
448
444
480
430
446
440
446
452
436
423
433
441
452
442
486
463
443
443
444
431
582
484
410
431
606
577
502
484
460
448
467
443
436
453
449
461
436
479
451
520
521
464
478
472
451
487
481
466
515
465
445
459
507
538
456
463
525
825
487
436
446
436
446
476
446
437
460
571
670
459
462
489
459
445
465
491
460
473
644
548
436
418
469
481
684
548
501
686
639
576
545
571
531
624
651
568
543
606
551
558
550
623
603
573
659
546
589
536
710
613
506
519
624
568
927
587
611
619
607
596
600
603
631
718
688
725
693
728
685
692
737
530
543
537
557
655
558
575
569
636
679
406
413
447
459
447
469
465
459
457
466
470
491
464
474
593
531
457
688
656
794
741
705
694
695
702
825
804
823
508
569
635
798
754
665
725
686
545
669
787
732
704
862
737
732
800
697
627
629
562
592
566
577
695
657
787
862
731
748
736
629
769
570
581
656
598
596
611
571
594
628
688
651
895
656
605
678
667
664
730
635
625
669
729
725
698
680
693
694
694
680
705
695
683
730
775
731
831
743
847
744
660
647
727
792
793
811
781
833
819
834
795
796
781
782
799
901
797
815
793
649
707
680
668
621
654
625
640
647
662
603
525
521
583
550
586
599
560
516
567
599
596
540
540
536
524
494
611
601
514
525
567
479
651
571
533
500
542
557
495
481
498
512
502
527
501
524
513
496
519
594
553
554
590
551
558
571
574
554
568
667
516
528
526
524
526
543
585
593
568
531
544
577
597
597
563
562
562
556
533
624
722
629
572
595
582
610
583
536
517
579
561
581
550
647
637
574
539
553
550
561
574
545
553
589
593
491
625
638
593
585
594
613
592
596
608
641
570
607
664
687
872
610
546
604
564
572
649
534
553
605
724
671
634
607
625
660
652
581
617
580
599
642
625
675
649
636
862
695
684
639
675
675
651
689
756
671
679
669
706
737
738
710
652
658
676
656
625
687
640
552
572
561
551
547
604
608
651
665
624
657
577
640
547
600
642
652
642
602
599
577
589
636
634
613
607
660
646
611
604
596
590
598
580
603
643
699
580
612
625
529
611
632
615
617
585
595
664
854
666
748
722
695
732
675
792
674
683
708
783
661
648
655
684
646
677
668
684
651
630
605
637
691
672
582
583
591
710
712
669
645
609
621
566
703
657
591
645
610
641
626
625
603
608
617
608
631
606
610
639
676
1135
931
925
891
580
657
777
689
615
604
633
654
616
628
635
645
621
636
618
605
634
666
720
664
622
647
615
670
607
685
733
650
588
667
679
604
647
611
604
623
617
660
681
634
662
585
759
656
680
699
563
716
671
656
656
673
690
634
652
629
604
631
620
616
650
609
661
635
602
635
635
690
534
661
671
630
637
610
610
663
691
647
654
622
623
655
681
647
672
667
597
770
678
685
683
708
691
665
670
660
631
643
657
674
678
664
644
644
643
686
736
632
656
669
597
617
668
731
625
648
686
640
643
691
711
711
650
1005
744
701
782
674
694
665
709
671
663
653
743
724
733
829
716
651
697
694
647
664
664
640
948
739
737
647
713
727
702
617
728
701
692
668
680
715
690
752
694
716
695
698
710
676
773
873
763
713
709
745
761
719
749
649
773
855
758
721
817
760
790
764
881
803
707
889
807
760
753
772
812
790
757
790
856
811
808
774
823
843
751
744
841
811
747
905
931
793
747
798
810
788
730
694
721
718
709
699
763
846
785
690
709
772
773
741
802
784
709
733
736
774
841
751
733
768
718
738
745
757
862
798
791
792
1040
865
862
859
825
1338
899
819
803
771
747
965
826
863
866
820
816
851
847
866
872
850
863
933
813
754
847
831
887
867
865
818
857
1026
1515
1188
1341
1180
867
897
747
804
888
838
761
788
831
803
724
717
796
740
938
725
788
798
790
844
712
760
637
720
717
730
733
866
782
859
933
871
877
886
895
850
891
888
853
861
930
1036
876
1040
774
871
724
710
687
721
807
926
882
824
891
883
873
831
785
1026
876
814
874
912
787
831
861
787
876
908
928
774
719
919
999
930
1102
670
694
663
662
688
653
652
668
696
655
813
769
711
841
831
848
808
734
817
686
768
928
902
735
721
761
806
726
808
753
819
762
761
750
770
1015
832
776
994
893
897
906
760
935
837
877
987
821
896
1034
700
936
1009
984
866
860
992
834
975
883
814
741
904
790
787
776
770
807
903
776
803
860
994
833
809
824
775
846
909
941
942
898
995
892
935
819
1094
817
786
863
980
851
771
841
948
885
841
828
797
805
787
857
789
860
770
718
924
864
764
776
846
817
854
846
804
966
863
857
752
814
833
776
827
794
966
804
756
762
877
912
949
835
798
866
822
860
895
841
876
777
797
891
962
867
790
884
869
897
812
872
1032
797
881
894
859
888
906
865
830
822
863
984
948
777
831
899
867
858
838
930
849
777
1062
887
859
817
879
767
772
782
880
832
872
864
946
877
848
868
905
806
847
811
902
843
845
916
1032
845
882
861
831
871
854
929
931
938
940
886
922
949
884
854
914
1208
1036
892
930
935
832
919
901
835
890
865
1039
1030
907
805
821
901
881
854
802
819
869
949
936
936
847
892
883
895
946
882
946
957
1020
842
896
886
885
897
902
1172
919
935
996
913
851
935
899
1028
962
872
1084
998
966
927
894
903
885
902
868
901
836
900
874
931
952
913
894
929
956
970
930
944
906
941
917
894
920
807
928
930
816
892
955
1018
918
984
982
911
938
967
939
931
895
888
925
877
844
936
1004
1194
898
922
898
926
1007
938
822
900
894
866
958
986
928
958
953
1060
1156
918
884
951
938
948
959
941
930
945
915
1058
949
898
887
967
910
1048
942
996
929
869
939
929
837
1036
904
927
941
913
1051
919
1261
1243
1303
857
879
869
951
1066
909
964
1017
982
1004
946
1157
1015
1006
1096
1061
1387
928
888
1045
1001
1058
1015
1002
1054
1109
1089
986
961
941
1094
1320
1030
1135
1071
942
866
861
947
936
918
965
1166
1155
999
1136
1301
1043
985
1038
1027
1028
1118
1199
1059
998
987
985
983
969
1049
989
1138
1172
894
908
1004
980
969
972
1323
1190
1026
1320
1029
1064
1066
1176
1067
1019
1279
1075
1231
1006
967
973
955
997
1027
980
1250
1198
1260
1087
1027
951
930
923
948
902
1005
924
920
917
936
934
992
939
978
1154
1014
895
931
979
1021
928
909
1069
1040
898
1187
1225
902
990
1422
1243
962
1055
958
1366
1216
1246
1128
945
1141
1039
1044
1045
1070
1034
990
1186
1034
1006
843
914
1099
986
1161
931
1072
1267
1057
1321
1391
1279
1452
1462
1439
1365
1612
1419
1061
1146
1255
1285
1500
1230
1189
1069
1387
1425
1454
1191
1136
1275
1066
1134
1268
1440
1227
1042
1119
1273
1063
1053
1172
1022
1006
945
938
933
1111
1490
1289
1110
1212
1045
1205
1053
1170
1189
1058
1072
1059
1115
937
1177
1164
974
967
973
1055
1146
1031
1008
1119
926
997
988
988
1290
977
1032
1165
1067
1027
1012
1180
1020
1063
1042
1045
999
1035
941
1009
1162
1019
1013
1028
930
1090
1060
1037
1049
1106
951
985
991
1155
1006
1176
1003
1118
1036
989
962
995
989
1001
1070
1104
938
1029
1007
1232
1027
1011
1108
1128
996
992
954
946
954
965
1111
1002
975
1020
1039
1158
1035
1018
936
1034
982
1078
1006
1025
1280
1071
994
1069
1031
1023
923
976
962
991
1170
1136
1277
1048
976
1011
1042
916
1088
1005
1115
1107
1050
1073
991
1045
983
1030
1078
1041
1056
1015
970
1064
1170
987
1054
1119
1222
954
1049
938
1136
1165
985
1052
1111
1253
1010
1286
1094
1146
1021
987
990
1069
1243
1183
1148
987
1098
1077
1097
1025
1082
1377
1061
1026
996
1021
1011
1188
1066
1106
1093
1264
1043
1016
1075
1011
1027
1096
1055
1060
1155
1174
1066
1020
1015
999
1000
1064
971
1116
1075
1071
1075
1095
959
1079
1068
1354
1054
1078
1002
1030
998
998
1003
1049
1073
1017
1192
969
1130
1205
993
1006
985
1000
997
1154
1146
1075
1126
1043
1014
1040
959
978
1003
1043
1111
1097
1061
1107
1103
979
1012
1024
1072
1007
998
1013
950
1000
1002
1121
1160
1090
1145
1034
1034
1136
1149
1056
982
1037
1013
1115
1194
1125
1169
1084
1214
1075
1114
1116
1132
967
1152
1130
1064
1033
1019
1054
1011
1142
1077
1167
1078
1311
1029
1019
1125
1099
1195
1357
1124
1002
1076
1066
1132
1320
1440
1584
1040
1034
1037
1070
1010
1280
1111
1100
1111
1334
1230
1078
1074
1094
1124
1110
934
1082
1111
1104
1062
986
1065
1057
1219
1294
1237
1034
1100
1078
1120
1158
1196
1034
1157
1187
1399
1117
1236
1089
1113
1097
1134
1149
1118
1134
1117
1068
1305
1146
1148
1496
1153
1111
1159
1124
1209
1193
1144
1144
1453
1149
1053
1189
1175
1406
1161
1203
1123
1046
1107
1153
1062
1101
1137
1214
1296
1508
1297
1203
1229
1475
1189
1272
1534
1596
1514
1531
1299
1727
1725
1285
1228
1211
1509
1200
1240
1210
1362
1213
1254
1301
1222
1390
1318
1427
1391
1739
1564
1646
1392
1386
1515
1548
1499
1271
1333
1650
1371
1259
1350
1223
1315
1363
1133
1474
1445
1139
1221
1146
1430
1178
1317
1210
1176
1208
1095
1121
1376
1239
1174
1286
1139
1309
1198
1238
1322
1239
1409
1227
1200
1377
1347
1251
1377
1228
1204
1009
1106
1236
1189
1132
1136
1066
1052
1272
1180
1144
1072
1136
1124
1221
1170
1128
1052
1125
1239
1112
1074
1336
1120
1146
1253
1175
1127
1266
1160
1192
1087
1117
1041
1183
1141
1052
1156
1247
1272
1201
1094
1071
1132
1112
1097
1230
1162
1081
1095
1141
1370
1151
1077
1130
1139
1238
1119
1287
1031
1104
1119
1205
1104
1120
1371
1188
1207
1284
1172
1257
1246
1121
1144
1316
1241
1112
1133
1266
1354
1182
1119
1182
1124
1262
1036
1072
1063
1111
1071
1095
1111
1577
1383
1200
1115
1276
1240
1155
1152
1186
1151
1179
1116
1060
1169
1126
1118
1136
1196
1140
1112
1138
1198
1155
1137
1132
1176
1156
1255
1172
1167
1221
1294
1283
1154
1292
1132
1173
1281
1151
1150
1292
1217
1209
1159
1182
1489
1342
1198
1260
1160
1179
1295
1182
1150
1335
1266
1158
1037
1126
1130
1169
1326
1127
1085
1126
1213
1263
1104
1333
1231
1249
1242
1243
1260
1160
1121
1289
1170
1225
1191
1261
1336
1131
1074
1143
1217
1215
1099
1105
1221
1331
1189
1102
1142
1338
1934
1440
1276
1639
1339
1269
1538
1542
1558
1520
1284
2266
2369
2171
1445
1553
1434
1386
1978
2382
2272
2289
1678
1282
1294
1408
1206
1203
1259
1389
2149
2147
1679
1425
1547
1320
1430
1184
1184
1133
1348
2403
1386
1971
1310
1348
1249
1249
1785
2080
2138
1462
1751
1474
1339
1463
1276
1285
1375
1317
1354
1751
1619
1522
1253
1417
1166
1219
1331
1452
1359
1300
1252
1679
1307
1701
1409
1315
1098
1225
1296
1276
1134
1140
1184
1524
1472
1274
1109
1192
1186
1230
1159
1177
1114
1141
1240
1166
1327
1214
1427
1177
1231
1316
1247
1142
1205
1346
1412
1436
1377
1592
1406
1484
1364
1327
1305
1573
1431
1217
1323
1441
1520
1336
1242
1321
1149
1295
1213
1251
1300
1213
1216
1454
1382
1545
1283
1494
1486
1266
1554
1540
1174
1307
1283
1360
1433
1681
1421
1273
1547
1608
1416
1270
1383
1304
1179
1225
1527
1258
1144
1241
1261
1230
1153
1178
1356
1180
1409
1296
1416
1469
1144
1367
1255
1255
1194
1073
1184
1301
1376
1202
1321
1158
1279
1258
1378
1229
1614
2097
1359
1709
1483
1430
1542
1859
1650
1464
1316
1312
1566
1627
1205
1256
1226
1239
1419
1796
2475
2458
2158
1325
1517
1338
1261
1347
2508
2555
1937
1562
1309
1196
1346
1355
1208
1272
2074
1302
1240
1218
1259
1240
1345
1186
1125
1175
1132
1191
1290
1420
1317
1245
1205
1557
1421
1164
1417
1724
1840
1641
1445
1357
1288
1470
1304
1473
1343
1371
1606
1450
1657
1399
1254
1265
1540
1398
1488
1502
1321
1435
1227
1317
1570
1453
1395
1283
1208
1158
1132
1273
1201
1448
1219
1362
1242
1256
1237
1528
1313
1503
1385
1336
1293
1181
1183
1362
1495
1346
1142
1262
1195
1313
1273
1238
1384
1189
1243
1343
1145
1194
1213
1472
1199
1367
1371
1210
1281
1272
1211
1405
1291
1214
1320
1321
1254
1319
1398
1399
1393
1274
1183
1179
1299
1170
1185
1389
1448
1257
1268
1339
1139
1235
1444
1334
1287
1407
1293
1375
1459
1461
1464
1321
1389
1279
1556
1550
1561
1355
1459
1454
1634
1507
1285
1295
1852
1289
1577
1637
1527
1552
1634
1286
1292
1332
1342
1302
1218
1371
1403
1441
1417
1947
1768
1626
1544
1539
1318
1632
1292
1468
1328
1375
1380
1318
1482
1323
1712
1664
1772
1390
1466
1360
1554
1744
1442
1473
1362
1524
1341
1516
1368
1455
1383
1437
1504
1331
1521
1414
1550
1398
1432
1404
1562
1477
1424
1527
1477
1399
2176
2160
1454
1338
1441
1444
1685
1968
2135
1758
1655
1310
1492
1265
1325
1259
1269
1609
1721
1397
1536
1303
1293
1348
1412
1285
1363
1325
1495
1733
1698
1466
1431
1704
1368
1509
1701
1607
1492
1362
1932
1952
1632
1787
1526
1463
1626
1462
1866
1921
1499
2289
1997
1436
1545
1419
1700
1439
1598
1798
1382
1538
1454
1645
1384
1481
1388
1548
1480
1519
1382
1488
1426
1449
1362
1513
1558
1442
1271
1406
1369
1486
1380
1582
1454
1376
1395
1280
1534
1413
1620
1360
1250
1526
1469
1468
1505
1532
1279
1331
1368
1350
1369
1280
1601
1420
1494
1291
1476
1411
1396
1276
1528
1335
1339
1366
1538
1263
1355
1342
1304
1266
1288
1311
1239
1298
1363
1277
1494
1305
1450
1320
1282
1286
1398
1346
1287
1275
1264
1356
1476
1387
1334
1281
1246
1279
1569
1521
1408
1375
1389
1365
1434
1392
1339
1367
1369
1261
1395
1246
1220
1430
1313
1313
1500
1342
1374
1325
1205
1279
1441
1291
1244
1390
1230
1204
1563
1306
1564
1319
1297
1488
1299
1366
1290
1323
1428
1232
1421
1334
1310
1401
1370
1343
1455
1248
1338
1803
1402
1358
1486
1491
1524
1413
1601
1309
1460
1397
1436
1320
1326
1529
1406
1508
1365
1483
1415
1330
1414
1312
1428
1331
1331
1558
1231
1494
1300
1463
1295
1269
1491
1255
1294
1318
1385
1558
1169
1144
1169
1165
1219
1215
1203
1224
1252
1269
1179
1199
1278
1164
1298
1277
1237
1179
1148
1176
1204
1189
1182
1170
1453
1384
1280
1203
1186
1285
1220
1205
1146
1170
1164
1216
1415
1261
1160
1319
1174
1228
1267
1291
1159
1252
1325
1272
1422
1394
1247
1304
1322
1294
1233
1226
1228
1278
1209
1239
1221
1170
1233
1169
1319
1299
1296
1197
1261
1362
1432
1283
1328
1807
1406
1414
1590
1425
1403
1371
1330
1352
1303
1533
1401
1573
1321
1397
1518
1300
1386
1528
1659
1348
1645
1661
1423
1705
1602
1422
1971
1389
1389
1280
1379
1527
1389
1463
1350
1543
1464
1509
1450
1528
1341
1604
1470
1492
1595
1641
1714
1529
1383
1589
1711
1545
1571
1387
1394
1486
1458
1680
1731
1503
1585
2100
1942
1729
1949
1541
2427
2499
1734
2446
2848
2542
2884
2201
2021
1491
1697
2090
1662
1455
1405
1355
1736
1499
1677
1435
1865
2311
1760
1628
1372
1689
1495
1877
1513
1362
1581
1483
1498
1402
1885
1730
1798
1546
1356
1433
1643
1659
1672
1448
1476
1530
1708
1750
1599
1626
1468
1429
1738
1481
1612
1318
1466
1627
1645
1516
1409
1591
1363
1400
1401
1388
1488
1727
1645
1657
1689
2025
1870
1815
1700
1607
1454
1576
1499
1559
1527
1431
1441
1580
1769
1535
1717
1651
1745
1584
1610
1805
1768
1462
1580
1682
1674
1578
1750
1433
1488
1415
1472
1487
1510
1526
1410
1578
1572
1573
1509
1571
1757
1402
1459
1502
1579
1957
1494
1422
1565
1512
1400
1599
1480
1398
1288
1971
1576
1690
1352
1543
1518
1786
1375
1532
1502
1576
1382
1694
1586
1467
1569
1351
1498
1348
1688
1461
1541
1377
1677
1467
1719
1555
1614
1442
1555
1474
1548
1644
1616
1583
1429
1516
1319
1562
1438
1423
1492
1489
1408
1405
1621
1602
1566
1555
1632
1304
1556
1403
1292
1503
1437
1538
1314
1521
1389
1492
1373
1526
1411
1427
1580
1435
1629
1506
1554
1654
1581
1398
1572
1368
1481
1365
1401
1651
1381
1409
1489
1325
1450
1428
1455
1470
1420
1438
1786
1542
1531
1389
1454
1563
1439
1692
1433
1488
1368
1472
1687
1374
1466
1371
1491
1626
1499
1414
1465
1436
1659
1730
1428
1515
1386
1541
1386
1558
1348
1360
1533
2134
1649
1429
1694
1489
1541
1558
1435
1513
1382
1606
2288
1662
1640
1607
1454
1484
1412
1565
1399
1646
1540
1504
1420
1516
1421
1541
1580
1602
1424
1714
1848
1427
1717
1384
1478
1448
1555
1335
1463
1686
1643
2014
1711
1334
1536
1409
1693
1511
1523
1444
1469
1607
1472
1507
1375
1499
1429
1475
1541
1558
1606
1530
1838
2052
1848
2008
2198
2359
1979
2074
1871
1985
2059
2183
2262
2441
2091
1772
2078
2150
2524
2015
2394
2196
1826
1676
1511
1608
1508
1708
2021
1463
1597
1522
1580
2015
1587
1589
1489
1773
1493
1754
1481
1398
1416
1404
1756
1718
1593
1538
1384
1360
1525
1392
1716
1522
1884
1489
1483
1667
2014
1655
1749
1391
1760
1428
1563
1601
1451
1452
1590
1483
1440
1513
1446
1442
1497
1633
1426
1607
1740
1624
1544
1675
1509
1520
1742
1570
1566
1630
1680
1601
1531
1611
1435
1525
1534
1517
1531
1679
1538
1367
1605
1395
1448
1561
1567
1383
1775
1546
1736
1451
1460
1578
1425
1617
1481
1700
1629
1602
1392
1393
1424
1333
1364
1358
1285
1366
1430
1304
1416
1640
1423
1301
1396
1358
1340
1410
1321
1352
1495
1607
1593
1718
1518
1449
1586
1479
1646
1463
1775
1891
2019
1602
1575
1803
1589
1464
1669
1648
1696
1498
1761
1582
1436
1576
1673
1481
1446
1415
1509
1503
1519
1602
1670
1374
1592
1488
1589
1846
1398
1544
1559
1522
1514
1599
1561
1552
1441
1561
1663
1657
1572
1816
1682
1601
1357
1350
1457
1661
1449
1410
1375
1359
1315
1583
1491
1441
1307
1371
1365
1412
1429
1310
1395
1439
1723
1447
1738
1707
1493
1728
1515
1523
1600
1562
1755
1689
1593
1444
1624
1436
1583
1658
1499
1570
1488
1963
1700
1562
1431
1624
1550
1624
1588
1601
1577
1616
1592
1678
2056
1523
1578
1567
1459
1604
1499
1597
1453
1590
1423
1626
1536
1603
1513
1482
1505
1680
1669
1718
1499
1654
1495
1487
1434
1671
1515
1551
1736
1679
1517
1615
1485
1520
1532
1576
1605
1507
1669
1697
1524
1535
1522
1573
1550
1567
1565
1555
1564
1613
1788
1704
1706
1561
1588
1462
1638
1544
1526
2215
2369
2048
1793
1793
1726
2090
1821
1834
1892
2162
1591
1589
1719
1686
1644
1632
2124
2318
2064
1785
1922
1920
2128
1839
2099
2231
2113
1754
1538
1623
1733
1700
1692
2212
1730
1702
1504
1796
1656
1925
1509
1549
1544
1912
1597
1783
1581
1701
1799
1908
1635
1706
1757
1674
1725
1503
1849
1719
1909
1545
1601
1647
1788
1586
1694
1680
1501
1875
1645
1520
1590
1457
1842
1886
1590
1543
1569
1717
1696
1571
1736
1456
1779
1589
1553
1661
1606
1610
1606
1626
1522
1671
1776
1752
1698
1797
1876
1823
1880
1634
1819
2048
1847
1649
1648
1573
1618
1603
1534
1634
1629
1814
1490
1550
1473
1697
1527
1635
1714
1748
1587
1811
1556
1562
1645
1820
1905
1581
1525
1635
1548
1737
1744
1637
1502
1578
1536
1707
1797
1607
1530
1653
1556
1601
1748
1701
1530
1538
1642
1604
1701
1769
1584
1646
1503
1655
1588
1943
1610
1664
1526
1751
1740
1574
1526
1700
1648
1577
1523
1618
1848
1778
1527
1646
1759
1598
1598
1667
1668
1525
1777
1650
1497
1671
1652
1660
1661
1614
1548
1693
2094
1598
1514
1610
1686
1606
1610
1481
1770
1897
1895
1620
1510
1713
1572
1542
1632
1557
1929
1586
1804
1688
1590
1640
1669
1520
1471
1601
1630
1654
1828
1618
1794
1604
1661
1767
1796
1654
1527
1492
2114
1577
1860
1685
1543
1784
1484
1561
2103
2098
1706
1591
1706
1766
1911
1653
1536
1633
1540
1705
1642
1558
1489
1528
1702
1631
1645
1614
1671
1852
1712
1734
1636
1594
1714
1631
1823
1695
1934
1952
2195
1830
1705
1484
1653
1689
1554
1712
1815
1586
1720
1782
1696
1591
1688
1718
1705
1746
2119
2289
2005
1922
2671
2102
1837
2072
1901
1692
1685
1787
1926
1771
1649
1613
1829
1913
1800
1976
2232
2138
2023
1998
2230
1922
2204
2228
1746
1701
1646
1875
1692
2226
1596
1861
1637
1890
1774
1854
1691
1659
2437
2726
1673
1628
1645
1864
1658
1751
2393
1532
1642
1636
2043
1558
1767
1771
2086
2194
1848
1702
1624
1756
1674
1863
1737
1588
2205
1739
1814
1794
1705
1517
1751
1658
2063
1769
1843
1625
1787
1683
1928
2203
1682
1523
1803
2068
1840
1665
1564
1680
1676
1940
1816
1641
1955
1718
1560
1735
1746
1694
1716
1691
1752
1689
1788
1687
1714
1681
1717
1657
1728
1638
1633
1859
1583
1558
1791
1727
1679
1805
1579
1688
1580
1857
1684
1703
1687
1726
1740
1683
1625
1877
1843
1694
1462
1637
1450
1535
1790
1507
1499
1611
1494
1697
1497
1575
1443
1481
1654
1464
1629
1545
1722
1766
2190
2303
1831
1884
1566
1683
1724
1661
2035
1753
1811
1694
1899
1694
1862
1761
1761
1986
1714
1727
1545
1877
1730
1688
2094
2574
2224
1912
1802
1571
1746
1797
1725
1715
1742
1960
1675
1663
1714
1786
1679
1601
1843
1772
1882
1750
1910
1802
1776
1680
1571
1712
1641
1721
1755
1712
1831
1673
1748
1702
1685
1878
1689
1811
1604
1745
1834
1760
1582
1683
1717
1572
1806
2312
1770
1819
1816
1779
1740
1799
1714
1654
1876
1927
1731
1644
1631
1663
1608
1629
1716
1913
1705
1610
1719
1644
1817
1802
1541
1639
1541
1731
1471
1504
1461
1513
1760
1568
1689
1566
1516
1669
1687
1603
1581
1618
2028
1693
1693
1872
1698
2083
2361
2274
2006
2339
2051
2368
2579
2333
2468
1964
2070
1927
1802
1782
2155
2241
2410
2687
2775
2785
2359
1828
1892
2940
2352
2351
2147
2027
2668
1762
1996
1785
1690
1824
1781
1698
2058
1899
1800
2199
1621
1731
1880
1800
2126
1881
1685
2196
2543
1900
1869
1716
1622
1700
2192
1788
1728
1674
1671
1810
1730
1750
1708
1989
1950
1745
1728
1657
1814
1778
1749
1906
1998
1650
1616
1678
1988
1804
1644
1854
1762
2735
1931
1753
1718
1574
1854
1869
1840
1750
2667
1874
2188
1973
1930
2000
1790
2127
2274
2238
2151
2229
1988
3080
3784
2272
1902
2017
1785
1951
1998
1726
2146
1714
1921
1816
1967
1770
1938
1931
1742
1757
1906
2042
2187
1777
2192
2053
1897
2045
1822
1687
1773
1985
2148
1996
1865
1840
1977
1815
1947
1821
1660
1717
1830
1755
1581
1863
1875
1715
1712
1769
1781
1799
1836
1665
1766
1797
1799
1778
1960
1784
1884
1761
1756
1869
1695
1833
1817
1725
1866
1741
1694
1935
1910
1696
1837
1881
1712
1739
1746
1774
1870
1948
1892
1760
1747
1699
1732
1809
1722
1887
1741
1681
1578
1592
1989
1619
1858
1746
1579
1598
1773
1629
1509
1593
1598
1612
1574
1774
1758
1840
2187
1715
1798
1754
1918
1919
1826
1692
1741
2085
1810
1900
1854
1814
1769
1818
1941
1675
1985
1881
1837
1882
1729
1662
1747
1799
1655
2163
2025
2140
1939
1957
1987
1823
1923
1834
1891
1711
1866
1855
1767
1983
2115
1694
1909
2025
2403
2594
2306
2318
2508
3046
2477
2140
2170
2271
1903
1990
2177
2009
2396
1850
1833
1949
2541
3153
2660
2359
2570
2877
2179
2689
2981
1848
1677
1838
1945
1923
2030
1713
1988
2074
1933
1960
1838
1724
2047
1710
2096
1967
1852
1930
2203
1867
2131
1848
1968
2576
1775
2138
1746
1913
1772
1876
1837
1906
1926
1776
1812
1701
2373
2367
1839
1791
2221
1784
1942
1720
2076
2049
1770
1799
2122
1988
1722
1738
1820
1855
1727
1708
1883
1944
1859
1985
1848
1801
1779
1705
1864
1763
2051
1915
1984
1779
1832
1868
1831
1939
1797
2244
1830
1994
1940
2410
1913
1872
1851
2042
1995
1826
1843
1949
1943
1985
1879
1974
1934
1856
1939
1794
1709
1711
1777
2036
1926
2054
1916
1898
1872
1899
1843
1811
1808
1946
2007
1901
1848
1904
1913
2001
1980
2143
2084
1743
1880
1591
1680
1726
1682
1603
1729
1886
1664
1621
1601
1705
1784
1827
1662
1761
2071
1893
1942
1799
1754
1776
1960
2087
2044
2043
1807
1750
1738
1915
1819
1876
1874
1942
1847
1765
1814
1757
1866
1923
1768
1828
1921
1841
1907
1959
1775
1836
1899
1882
1960
2019
1805
1800
1883
2151
1845
1921
1893
1850
2117
1966
1888
1782
1793
2287
2069
1895
2061
1868
1914
1883
1751
2038
1892
1931
1972
1974
1831
1960
1957
2063
1983
1843
1904
2038
1773
1855
1873
1828
1704
1860
1881
1824
1925
1894
1830
1956
2052
1837
1805
1772
1869
1897
2009
2429
2815
2324
2379
2471
2830
2504
2461
2063
2217
2534
2553
2237
2215
2216
2844
2802
2006
2141
1943
2092
1947
2023
1863
2074
2122
2202
2118
1981
1926
2446
2076
2239
2096
2172
2304
1982
1832
1907
2258
2086
1954
2113
2043
2021
2470
1999
2007
2106
1991
2415
1907
1937
2185
2001
2124
1883
1962
2063
2234
1936
1954
1986
1906
1898
1993
2426
1883
2024
2113
1859
1961
2016
2517
2827
1891
2355
2454
2116
1897
1953
2002
1874
2056
1832
1941
1810
1867
2261
2144
2035
1915
1940
2126
2208
1947
2120
2663
2209
1978
2027
2291
2981
2713
2830
2719
2343
2286
2070
2119
2177
2100
1970
2241
2166
2070
1815
1774
2381
2769
1927
1828
1875
2300
2456
1971
1969
1994
2024
2041
2420
2122
1976
1887
2420
1977
1904
1858
2224
2091
2058
1910
1929
2160
1965
1991
1879
1923
1895
1827
1907
2109
1819
1876
2084
1954
1853
1789
1810
1993
2002
2074
1825
1908
1982
1916
1919
2097
2167
2216
2126
2011
1967
2103
2137
2031
2007
1906
2168
1824
1903
1866
1793
2018
1988
1996
1825
1847
2001
1884
1954
2028
2044
2161
2275
2014
1900
1926
2034
1855
1969
2043
2035
1846
1807
1983
1873
1927
2134
2301
1837
1853
2122
2160
1900
1879
1881
2506
1934
2052
2615
2277
1994
2104
2146
2091
1941
2242
1981
2136
1947
2190
2225
2093
2424
2263
2422
2717
2541
3330
2189
2083
2788
2989
2274
1948
2306
2206
2568
2152
2004
2141
2968
3571
2915
2957
2650
3043
2361
3286
2400
2009
2259
2213
2031
2164
2242
2219
1884
1963
2202
2146
2166
2101
2034
1933
2416
2220
2058
2115
1976
2030
1969
2162
2077
2035
2121
1964
1965
1921
2051
1923
2515
2277
1881
1919
1882
1993
1987
2182
1960
2028
1944
2103
2021
2034
1934
1990
1889
1878
1915
1908
1907
1811
2003
2256
1995
1989
1895
1947
1911
1932
2021
2371
2264
1839
1849
1773
1737
1673
2303
1960
1778
2057
1828
1794
1761
1759
1882
2420
2121
2351
1935
1910
1981
1968
1946
2014
1846
1937
1810
2405
2021
2043
2129
2202
2005
2531
1975
2015
2155
2105
2163
1963
2009
1945
2050
1917
2106
1927
1940
2304
2022
2160
2229
2036
1978
1777
2001
2058
2041
2257
2022
2058
1775
1758
1838
1985
1969
1761
1814
1753
1818
1740
1811
1827
1912
1815
1788
1798
1725
1754
1859
1759
2111
1905
1811
1763
1746
1821
1816
1775
1966
1845
2020
1813
1723
1810
1822
1862
1859
1749
1761
1967
1779
1819
1766
1840
1888
1836
2175
2085
2305
2033
1988
2038
1921
2008
2022
2131
2155
2041
1944
2368
1948
2013
2037
2020
1984
2033
1910
2227
1967
2167
1970
2082
1949
2057
2055
1866
1940
2061
1944
1937
2052
1947
2171
1985
2011
1905
2054
1930
1910
2009
2160
2643
2713
2826
2805
3281
2873
2587
2423
1984
2095
2213
2107
2157
2083
2082
2064
2267
2691
2762
2374
2428
2409
2680
2221
3376
2278
2093
1964
2231
1975
1941
2376
2403
2437
2165
2031
1962
2033
2164
2047
2001
2040
2074
2054
2082
2133
1977
2199
2276
2060
2011
1996
2243
2022
1943
2145
1994
1999
2260
2279
2693
2506
2374
2096
2060
2304
2284
2294
2214
2844
2430
2170
2229
2450
2218
2548
2419
2505
1957
2138
1988
1906
2132
2071
2100
2035
1995
2473
1990
2251
2036
2320
2218
2020
2521
2269
2068
1960
2040
2171
2498
2829
2580
2161
2292
2232
2400
1963
2100
2318
2096
2113
2035
2303
2516
2345
2047
2216
2244
2218
2117
2028
2335
2151
1934
2120
2010
1865
2047
2290
2297
2397
2221
1934
2051
2098
2232
1997
1943
1997
2018
2115
1865
1905
2182
1994
1933
2014
1933
1988
2160
2025
2008
2000
1932
2064
1944
2012
2033
2177
1985
2052
1916
1882
1806
1796
1778
1836
1825
1772
1970
2011
1815
1832
2042
2085
2176
1920
2158
2006
2076
1964
2074
1985
2034
2252
2255
2105
2338
2143
2101
2264
2143
2227
2149
2065
2015
2018
2111
2265
2177
2286
3225
2248
2356
2060
2000
2089
2281
2279
3023
2573
2531
3060
3496
3403
4042
3757
4144
10314
2962
2905
11227
3184
3058
9032
3491
3255
3574
6830
4159
3571
3454
3665
3590
3669
3374
3056
3144
2460
2425
2588
2539
2294
3003
3853
3220
3918
3685
3638
3856
3823
3291
3080
2553
2234
2158
2342
2393
2397
2427
2182
2114
2167
2008
1885
1857
2335
2406
2905
2960
2877
2931
2915
2748
2945
2915
2905
2928
2946
2694
2592
2643
2868
2864
2926
2702
2857
2867
2662
2536
2630
2196
2331
2319
1792
1724
1686
1816
1793
1971
2142
2457
2276
2276
2056
2063
2016
2030
2104
2361
2008
2137
1995
2156
2071
1891
2083
2012
2081
1867
1701
2010
1850
1865
1791
1930
1887
1868
1734
1847
1940
1898
1871
1810
2112
1819
1784
1974
1829
1791
1787
1854
2107
2054
1804
1846
1850
1931
1803
1684
1950
1983
1830
1877
1813
1814
1814
1800
1972
1882
2023
1969
1927
1895
1871
1946
1879
1886
1965
1876
2040
1851
1931
1865
1869
1809
1841
2186
2135
1910
2300
2231
1992
1979
2499
2443
2156
2080
2001
2191
2074
2145
2106
1947
2045
1950
2077
1928
2006
2047
1951
2246
1995
2124
2053
2056
2452
2006
2260
2167
2134
2037
2324
2653
2687
2847
2972
2821
2618
2935
3081
2794
2642
2523
2151
3006
2680
3056
2502
2595
2213
2083
2019
2098
2441
2080
2069
2143
2210
2100
2138
2068
2158
2183
2075
2433
2016
2114
2119
2441
2017
1999
2175
1996
2072
2091
2097
2254
2375
2097
2038
2067
2082
2211
1987
2008
2130
2127
2280
2362
2132
2231
2299
2048
1969
2015
2120
2319
2421
2602
3310
3044
3071
2974
2946
3094
2985
2996
3134
3246
3272
3505
3394
2747
2532
1962
2353
2083
2603
2316
3328
2602
2389
2586
2567
2974
3185
2958
2443
2418
1934
2038
1907
1996
1800
2206
2137
2093
2080
1877
2002
1943
2053
1985
1927
2562
2325
2265
2072
3181
2830
3283
2624
2672
3579
3162
3542
3385
3479
3394
3533
3575
3092
3165
2490
2123
2155
2260
2078
1948
2185
2185
2074
2179
2032
2300
2157
2103
2152
2138
2208
2135
2553
2158
2165
2032
2130
2063
2243
1981
2340
2338
2171
2211
2260
2062
2084
2058
2090
2013
2026
2018
2199
1852
1915
2012
2575
1938
1926
2002
2161
2181
2269
2195
2057
2285
2329
2150
2088
2350
2219
2515
2516
2007
2536
3072
2119
2275
2194
2213
2098
2184
2473
2562
2520
2199
2101
2123
2249
2500
2894
2607
2613
2641
3130
2662
2908
3061
2874
2678
2449
3182
3070
2507
2176
2142
2478
2592
2326
2186
2221
2546
2209
2160
2273
2549
2276
2439
2536
2531
2558
2141
2552
2211
2411
2191
2297
2262
2204
2202
2221
2715
2298
2158
2356
2633
2601
2233
2240
2445
2306
2488
2218
2435
2310
2224
2305
2386
2292
2252
2233
2167
2415
2190
2203
2055
2036
2131
2144
2152
2245
2228
2139
2220
2102
2116
2208
2428
2238
2199
2124
2151
2187
2123
2087
2230
1975
2070
2051
1983
2082
2287
2150
2218
1988
2187
2186
2050
2171
2150
2601
2075
2089
2249
2177
2145
2012
2076
3157
3237
2883
3126
2519
2227
2198
2158
2119
2206
2155
2185
1998
2268
2097
2067
2199
2201
2152
2207
2108
2264
2214
2145
2118
2391
2241
2464
2502
2538
2194
2331
2407
2252
2179
2699
2395
2307
2212
2298
2269
2244
2409
2261
2221
2152
2293
2220
2269
2383
2318
2229
2249
2222
2224
2167
2426
2138
2163
2212
2124
2396
2214
2195
2356
2269
2205
2288
2198
2239
2271
2316
2369
2207
2305
2312
2117
2151
2456
2412
2246
2270
2689
2302
2345
2391
2502
2382
2527
2176
2194
2295
2412
2302
2283
2453
2267
2291
2224
2508
2237
2272
2251
2498
2431
3191
3243
2915
3648
2589
2394
2028
2220
2077
2238
2124
2282
2311
2511
3034
2710
2875
2943
2568
2928
3535
3473
3667
3571
2427
2983
2691
2391
2212
2101
2490
3287
2396
2258
2466
2633
2198
2343
2633
2453
2130
2194
2399
2807
2245
2308
2516
2298
2422
2180
2165
2273
2274
2321
2414
2114
2175
2214
2311
2365
2404
2104
2346
2340
2679
2627
2913
2856
2973
2775
2535
2255
2249
1947
1911
2016
2322
2364
2902
2680
2535
2568
2843
2727
2769
2886
2843
2808
3029
2839
2846
3080
3127
2646
3429
2706
3202
2934
2707
3146
2839
3323
3023
3123
2991
3043
3413
2877
2638
2390
2251
2195
2220
2004
2353
2154
2684
2144
2148
2213
2099
2425
2127
2235
2386
2251
2142
2261
2659
2316
2865
2386
2383
2244
2276
2803
2161
2245
2308
2198
2125
2103
2885
2318
2445
2279
2202
2290
2294
2469
2222
2275
2265
2303
2302
2215
2541
2469
2294
2156
2334
2509
2341
2328
2395
2656
2400
2433
2298
2783
2446
2301
2958
2189
2409
2448
2730
2271
2455
2699
3388
2764
2721
2275
2647
2315
2391
2567
2280
2887
2525
2252
2492
2645
2518
2853
3233
4019
3668
4991
3108
3421
3171
3108
3047
3080
3334
3644
3538
3927
2918
2649
3907
2738
4301
3586
4261
4179
5369
5932
4220
3385
4619
4643
4896
5069
4607
4493
5722
5283
4991
5784
4694
5191
4028
4833
4344
4808
4295
5117
5351
4505
4538
6119
4576
5469
4846
4630
6571
5488
4911
5616
4575
4026
3942
4625
4859
4085
4287
3986
3863
3692
3611
3779
3656
3632
3708
3796
3786
3706
3616
3604
3871
3881
3504
3197
3311
2803
2325
2494
2113
2316
2223
2603
2295
2529
3067
2310
2549
3176
2506
3484
3135
3939
2525
3313
2516
2672
3073
2732
3532
3212
3612
2523
3474
3878
3592
2556
4014
4662
5086
4299
3896
3713
2943
4831
3295
4585
4435
2648
4098
4915
4262
4284
4367
3993
3600
4197
4214
3537
3270
3790
3820
4594
4331
3990
4303
4712
4268
4149
4222
4334
3819
4148
3066
2804
2985
2258
2141
2364
2394
2841
2174
2477
2380
3059
2374
2248
2486
2794
2377
2522
2407
2396
2295
2208
2218
2284
3534
2286
2439
2422
2324
2664
2574
2415
2413
2243
2329
2757
2328
2434
2383
2626
2199
2468
2932
2526
2391
2288
2471
2730
2546
2325
2634
2668
2180
2222
2433
2847
2495
2185
2514
2448
2246
2325
2573
2782
2417
2296
2280
2751
2735
2507
2514
2346
2330
2212
2407
2662
2292
2444
2302
2718
2353
2607
2665
2424
2310
2364
2290
2568
2582
2357
2196
2222
2394
2297
2274
2366
2444
2295
2221
2265
2535
2308
2513
2644
2090
2174
2135
2136
2162
2180
2407
2223
2061
2066
2251
2115
2220
2444
2219
2122
2244
2169
2075
2996
2478
2782
2176
2057
2334
2361
2367
2994
2548
2552
2505
2657
2258
2388
2787
2624
2242
2797
2372
2566
2716
2649
2288
2342
2774
2275
2530
2293
2187
2470
2759
2258
2316
2397
2550
2371
2238
2273
2457
2496
2666
3412
3141
3050
3105
3086
3061
3166
2644
2418
2615
2568
2981
2371
2610
3039
3044
3284
2497
3009
3379
3038
2601
2557
2409
2399
2505
2361
2331
2466
2892
2706
2297
2489
2555
2547
2779
2567
2469
2441
2230
2387
2519
2720
2257
2389
2233
2293
2309
2512
2744
2374
2352
2330
2404
2652
2659
2307
2374
2354
2328
2925
2624
2737
2296
2372
2303
2570
2272
2346
2726
2416
2465
2325
2765
2343
2862
2437
2578
2652
2605
3569
2469
2369
2449
2707
2318
2368
2630
2692
2539
2444
2427
2686
2497
2447
2273
2452
2460
2617
2396
2301
2758
2453
2484
2745
2296
2376
2368
2580
2409
2450
2405
2697
2391
2600
2617
2431
2515
2368
2679
2709
2638
2471
2296
2428
2454
2372
2686
2287
2407
2243
2410
2545
2326
2753
2360
2355
2552
2435
2411
2554
2191
2466
2461
2497
2388
2388
2386
2718
2618
2170
2136
2137
2267
2275
2313
2241
2109
2157
2143
2280
2266
2411
2258
2187
2137
2152
2637
2799
2893
2440
2303
2350
2247
2209
2408
2968
2637
2330
2398
2857
2504
2526
2274
2382
2451
2272
2439
2613
2933
2304
2397
2459
2367
2492
2377
2633
3306
3155
3187
3373
3146
3365
3206
2412
2602
2595
2498
2604
2355
2732
2939
2976
3328
2650
3239
3182
3513
3224
2260
2511
2541
2317
2428
2821
2395
2344
2318
2482
2471
2527
2659
2357
2306
2436
2155
2212
2182
2526
2361
2345
2331
2181
2197
2360
2595
2228
2246
2361
2223
2276
2569
2538
2228
2506
2325
2317
2725
2541
2279
2273
2416
2590
2442
2334
2332
2825
2419
2445
2609
2801
2687
2731
2861
2562
2546
2319
2807
2746
2481
2773
2779
2503
2514
2666
2598
2418
2657
2543
2496
2493
3398
3055
2682
2243
2425
2793
2879
2347
2687
2678
2481
2517
2838
2700
2433
2829
2819
2477
2867
2730
2605
2979
3097
3015
3177
2658
2675
3043
3155
3091
3168
3281
2827
2580
2541
2788
2723
3028
2933
2984
2737
2708
2490
2455
2503
2449
2480
2878
2807
2790
2665
2705
2549
2635
2570
2669
2416
2517
2894
2544
2542
2626
2604
2437
2591
2382
2897
2293
2347
3154
2621
2482
2534
2591
2505
2494
3501
2858
3158
2624
2508
2684
2531
2298
2865
3342
2747
2588
2855
2571
2319
2575
2973
4351
4043
3750
4919
4199
3427
3513
2838
2660
2699
2969
2811
3509
4029
3744
2832
3172
3905
4044
3448
2724
2595
3367
2547
2343
2504
2743
2599
2811
2361
2804
2668
2699
3198
2766
3175
2586
2887
2612
2835
3145
2793
2366
2762
2802
2688
3370
3004
3355
2487
3066
2760
2648
2578
2420
2418
2422
2641
2553
2524
2666
2456
2512
2472
2882
2632
2687
2526
2783
2535
2619
2668
2337
2670
2484
2788
2814
2743
2423
2712
2422
2647
2490
2616
2576
2360
2571
2620
2612
2977
2693
2872
2628
2416
2392
2783
2645
2463
2571
2698
2646
2602
3005
2377
2549
2435
2603
2461
2764
2766
2695
2620
2499
2375
3048
2528
2521
2504
2808
2521
2445
2779
2691
2583
2506
2631
2804
2613
2408
2694
2438
2568
2477
2471
2713
2398
2430
2443
2699
2463
2687
2478
2771
2611
2524
2391
2475
2406
2480
2306
2714
2522
2419
2902
2552
2462
2238
2284
2355
2229
2546
2275
2322
2322
2300
2291
2330
2337
2994
2259
2315
2302
2224
2392
2654
3252
2349
2349
2366
2249
3103
2930
3332
3488
3260
3810
3753
3583
3092
2691
3196
2744
2556
2881
2932
3112
3584
3135
3006
3168
3677
2801
2824
2534
2660
2810
2844
2703
2485
2559
2430
2995
2827
3252
2888
2508
2638
2505
2727
2704
2501
2757
2666
2532
2793
3018
2527
2570
2538
2412
2403
2974
2773
2450
2776
2484
2726
2814
2483
3108
2881
2793
3343
3121
2853
2698
2544
2764
2524
3051
2978
2725
2677
2711
2656
2724
2686
2522
2612
2539
2441
2907
2464
2658
2471
2481
2609
2552
2680
2734
2633
2449
2644
2632
2858
2746
2706
2368
2622
3422
3385
2831
3080
2758
2888
4005
3307
2773
2493
3085
2624
3447
2815
2642
3173
2410
3179
2796
2642
2376
2565
2780
2800
2725
3253
2760
2694
2839
3093
2419
2592
2736
2748
2593
2795
2665
2799
2656
2343
2317
2434
2548
2378
2367
2410
2375
2422
2630
2446
2389
2633
2315
2499
2405
2525
2299
2361
2422
2390
2418
2375
2632
2424
2967
3631
3487
3991
3972
4251
4152
4296
4007
4546
4385
4138
3919
3393
3205
2693
3330
2863
2859
3325
2834
3889
2785
2651
2618
2650
3297
2651
2428
2703
2691
2549
3177
3114
2839
2818
2566
2476
2528
2348
2363
2375
2389
2318
2488
2441
2805
2324
2643
2540
2902
2485
2806
2259
2179
2098
3317
2436
2251
2347
2293
2271
2150
2201
2208
2205
2696
2173
2297
2191
2528
2179
2164
2738
2376
2103
2318
2242
2393
2120
2585
2210
2311
2414
2109
2177
2359
2439
2300
2158
2172
2225
2054
2090
2172
2596
2292
2201
2176
2157
2223
2106
2636
2165
2643
2233
2172
2153
2485
2715
2571
2242
2546
2260
2196
2097
2308
2539
2106
2151
2214
2241
2361
2166
2188
2296
2356
2158
2161
2189
2405
2423
2116
2377
2234
2267
2192
2199
2450
2217
2095
2180
2296
2526
2143
2465
2325
2331
2240
2190
2181
2173
2755
2320
2184
2120
2414
2192
2788
2557
2594
2149
2210
2195
2208
2377
2264
2480
2241
2260
2172
2183
2180
2220
2519
2207
2118
2074
2276
2166
2178
2591
2563
2183
2173
2207
2220
2322
2523
2198
2107
2395
2217
2122
2095
2323
3077
2753
2591
2590
2484
2729
2762
3460
3019
3080
3477
3598
3723
3132
3295
3333
3833
3111
3180
3483
3701
3958
3987
3984
4302
3286
3053
3091
2947
2961
3064
2566
2894
2543
2552
2585
2830
2612
2484
2656
2723
2533
2747
2720
2737
2734
2618
2550
2545
2754
2462
2529
2366
2527
2484
2702
2403
2504
2457
2476
2458
2563
2620
2486
2335
2528
2814
2372
2805
2826
2654
2656
2655
2717
2921
2659
2577
2574
2620
2741
2955
2767
3078
2822
2664
3340
2846
2786
2839
3053
3040
3388
3882
3326
2754
2684
2617
2759
2904
2767
2607
2795
2997
2644
2667
2797
2904
2581
2831
2822
2814
2662
2793
2844
2700
2719
2751
3220
2750
2653
3191
3091
2413
2640
2901
2484
2720
3152
2640
2639
2435
2744
3070
2970
2969
2830
2646
2487
2783
2666
2602
2714
2589
2750
2689
2416
2464
2556
2414
2322
2446
2705
2498
2496
2403
2496
2492
2668
2558
2511
2483
2503
2484
2765
2892
2702
2743
3429
2959
2720
3111
3149
2773
3397
2938
2971
2803
2985
2547
3099
3098
2841
2783
2721
2949
2671
2867
2633
3105
3583
3578
3750
3116
3757
3805
4188
3951
4109
3268
3871
3988
4453
2814
3100
2909
3148
2614
4389
3503
2580
3511
3175
2903
3064
3287
3727
2731
3098
2707
2546
3013
2813
3467
2651
2692
2689
2956
3262
2747
2547
2913
2732
3054
3132
3173
2585
2724
2794
3075
2705
2855
3069
2583
2809
2662
2792
2509
2698
2834
2694
2927
2745
2757
2819
2681
2700
2850
2485
2463
2413
2557
2450
2690
2427
2628
2511
2541
2464
2665
2593
2557
2474
2618
2425
3075
2571
2697
2453
2594
2477
2701
2807
2536
2400
2494
2540
2517
2702
2828
2883
2741
2800
2792
3146
2666
2746
2794
2757
3032
3025
2852
2717
3154
2782
2740
2982
2799
2997
2793
3109
3354
2555
2830
2863
2637
2566
3138
3001
2763
2682
2981
2732
2949
3275
2935
2768
2958
3063
2703
2627
2814
2691
2640
2545
2659
2782
2695
2503
2756
2529
2993
2957
3113
2714
2650
2876
2792
2630
2605
2871
2793
2502
3030
2494
2500
2463
2481
2544
2683
2998
2464
2539
2789
2993
3677
3671
3658
3590
3770
3714
3118
3067
3065
3424
3110
2780
4187
4345
3802
4038
3866
4515
3327
2875
3071
2741
2880
3201
2927
2789
2739
2770
4049
3230
2816
3014
3024
2879
2857
3561
2718
2919
2716
2780
2879
2783
3087
2679
2631
2946
2972
2777
3152
2940
2841
2808
2998
3050
3031
2632
2883
2784
2863
2911
2604
2791
2736
3369
2785
2972
2831
2743
2709
2753
2988
2500
2795
2802
2512
2737
2969
2827
2842
2705
2723
2858
2702
3033
2950
2764
2698
3427
2742
2564
3276
2885
2851
2719
2941
2678
2752
2661
3415
2696
2690
2992
2782
2724
3197
2923
2729
2645
2765
3257
2700
2654
2812
2702
2758
3200
2735
2837
2908
2971
3116
3006
3157
2771
2847
2875
3467
3604
3587
2671
2673
2614
3197
2611
2616
3054
2860
2667
3165
3371
2691
2910
2911
3259
3376
3152
3717
3666
3077
3172
3921
3211
2838
3308
2843
3628
2818
3089
3086
2955
3013
2845
2888
3113
3800
3472
3896
3519
3882
3559
3596
3490
3319
3867
3967
3088
3191
3301
2905
3154
2922
3030
2996
3342
2949
2896
3073
2995
3033
2944
3150
2722
2766
2864
3135
2925
2783
2952
2903
3339
3027
3355
2646
3046
4127
3799
3995
2842
3094
3300
2853
2943
2822
2814
2880
2800
2813
2882
2833
3197
2955
3097
2991
3128
3000
3075
3138
3028
3075
3237
3036
3034
3012
2836
2991
2788
3032
3058
2892
2844
3151
2829
2881
2949
2854
3146
3609
2870
3148
2814
2828
2985
2943
3075
3171
3064
2922
2940
2957
3090
3735
3187
2931
3251
3378
3384
3510
3030
2920
3202
3024
2901
2754
2929
2815
2954
2947
2975
2635
2621
2852
2885
2730
2711
2930
2750
2874
2974
2607
2846
2745
2823
2730
2816
2800
2794
2625
2636
3181
2858
2775
2927
2880
3109
2799
2627
2680
2641
2828
3012
2936
2681
2829
2774
2729
2756
2956
2777
2682
2724
2590
2545
2814
2986
2790
2590
3320
2950
3500
3671
3548
3143
3587
3312
3072
3389
3317
3171
3320
3896
3352
3440
3839
3825
3431
2741
2856
3153
3151
3055
3113
3017
3066
2992
3192
2700
2682
2729
2886
2644
2760
2745
2808
2644
2765
2943
2643
2714
2850
2829
2784
2679
4181
2694
2867
3418
2859
3545
2837
2706
4107
3245
3012
2706
2802
3479
2993
3252
3189
2991
2728
3081
3149
2730
3340
2888
3174
3280
3403
2726
3010
3186
2988
3030
2960
2813
3029
3319
2819
2835
3094
2744
3629
3211
2917
2765
2809
3027
3320
2861
3148
2614
2874
3200
3293
3255
3593
3050
3410
3156
3075
2824
3358
2920
3284
3026
3143
3092
3470
3123
3397
3304
2968
2770
3136
3162
2892
2888
3085
2793
2826
3212
2993
3198
2791
3045
2825
2829
3014
2728
2795
3133
3067
3085
3289
3805
3111
2898
3199
2892
3337
3577
2796
2842
2975
2956
2897
3417
2828
2830
3474
3101
3504
3744
3946
3729
4167
4485
4184
4357
4106
4102
4830
4292
4427
4118
4181
3681
3501
3372
3305
3216
2916
3084
3253
2928
2663
2924
2653
2954
3075
3210
2869
2811
3306
2777
2870
2828
2940
3504
3218
3141
3129
3128
3004
3194
3147
3067
2912
3252
3504
3066
2889
2973
3421
3249
2932
2809
2890
3256
3979
3189
2961
2854
2880
3043
3745
2843
3026
3241
2702
3087
3023
2794
3042
3371
3134
3284
3085
3164
2829
3012
3552
2871
2908
3404
2925
3165
2993
2940
2872
3378
2989
3015
3177
3178
2894
2853
3495
2683
3025
3129
2958
3002
2935
3144
2775
2991
3215
2869
2885
2718
3042
2928
3040
3567
2869
3005
3196
2867
2927
3045
3005
2879
2763
2913
3248
2921
2820
2660
2650
2688
3172
2740
2692
2827
2877
3048
3746
3430
3188
2987
3254
2860
2889
2744
2737
2850
2917
2865
2821
2784
3192
3127
3077
3021
2896
2810
2863
3248
2748
2835
2930
2899
2839
3343
4209
3980
3446
4492
3240
2968
4082
3983
3292
3411
4209
3453
3098
2835
2956
2886
2760
3111
3427
3037
2893
3163
2757
2991
2977
3218
2886
2793
2973
3218
2721
3051
3098
2913
3083
3020
2862
2984
2939
2598
2873
2827
2640
2771
2759
2732
2820
3177
3062
3133
2867
3072
2808
3124
2953
3031
2729
3151
2938
3189
2761
2851
3453
2889
2921
2907
3074
3444
3270
3264
2975
3319
2975
3096
3069
3320
2839
3648
4042
2988
2950
3187
3215
3358
3362
2906
2824
2914
3012
2777
2931
3211
2945
2874
3291
2911
2836
3036
3030
