46
128
171
317
239
400
427
504
620
397
398
482
865
966
907
545
1086
1377
1127
1327
1180
1245
1405
1304
1128
1093
1341
1204
1900
1580
1426
1203
1613
1714
1602
1330
1146
1139
1258
1144
1143
1151
1181
1181
1180
1428
1417
1324
1352
1487
1444
1425
1488
1546
1643
1482
1546
1578
1621
1650
1761
1609
1661
1958
2181
1886
1878
1980
2121
1858
2127
2066
2142
1975
2032
2084
2236
2093
2086
2093
2209
2225
2195
2326
3077
3876
3526
3749
2456
2501
2432
2541
2563
2560
2536
2562
2645
2943
2762
2794
2784
3128
3344
3220
2955
2959
3200
3092
3044
2959
3033
3113
3356
3720
3841
3662
3484
4262
4191
3753
3501
3364
3390
3622
3351
3524
3573
3517
3481
3480
3490
3538
4310
4080
3629
3936
3655
4062
3694
4062
3696
3770
3980
3970
5124
4807
4783
4501
4292
4526
4057
4179
4092
4198
4161
4903
5057
4480
4273
4176
4650
4416
4552
4602
4399
4916
5546
5560
5008
4667
4885
4913
4712
4749
4775
4718
5299
5036
5039
5127
4860
5586
5174
5215
5397
5355
5124
6473
5539
5622
5528
5669
5173
6668
5572
5903
7772
7017
5156
6494
6618
7605
5985
7241
7990
5973
5584
5814
5582
5814
5738
6360
5802
5597
6316
5928
5929
5777
6515
5698
7019
7512
7253
6414
6272
7014
6429
6134
7112
6149
6212
6348
6415
6516
6498
7271
9905
7624
7269
7923
6851
6930
6875
7327
7349
8003
7093
8525
6905
6712
7967
7729
7287
8283
7538
6822
8503
12817
7898
6923
10190
7030
7034
11610
9123
9140
8769
7600
7199
7293
8098
8892
8561
7558
7504
7874
7805
7828
7496
9800
9821
9697
7497
7426
8208
8347
7980
11666
10546
9595
8875
8268
7964
8291
8135
9162
8648
7951
8144
8167
7962
8038
8658
9928
8186
8172
10309
8666
8288
8514
8076
8373
9333
8438
8672
8432
8356
9019
10705
8857
9843
9875
9102
8906
8939
9053
9774
9014
9263
9172
9993
10997
10409
10835
10477
9399
10073
10879
10666
10091
10475
10116
9365
10747
10466
10988
10356
11135
10116
9848
9378
9850
10965
9657
10988
10425
11109
10776
11493
10310
11851
10578
9921
10890
11650
12569
10919
12495
10571
12171
11197
11378
14219
11587
12337
9876
13510
11223
12498
10190
12141
10423
10172
11457
12292
13111
10567
12405
10680
12330
11459
13097
10936
13107
11545
12781
11129
12895
10619
12805
11027
14128
11052
16053
11722
12785
13902
14514
15713
17261
13978
11439
12836
11093
13260
12081
13310
11561
13393
11736
14054
11940
12961
11533
13967
11330
13501
11843
14255
12295
13420
12120
13734
12056
28882
16142
17683
21040
21514
14780
12864
17252
13991
12584
14255
12360
14397
12390
13930
12300
14734
13181
14420
13354
13784
12856
13968
12775
14304
12599
12315
14760
13415
13560
12636
14958
13720
14674
13554
14851
13566
14421
12766
14432
13946
14532
13966
14220
13381
14605
14008
14653
13145
14597
13973
14698
14652
14859
13698
14469
13412
14414
13360
15020
14306
14617
14381
15825
14979
14955
14847
14816
14851
14440
15342
14337
15863
16417
19044
17400
15365
15988
15431
15215
15113
14485
15158
14873
14927
14691
15278
15017
15402
15367
15589
15842
15269
16000
15321
16531
16070
15330
15100
15269
15375
15239
15536
14909
16233
15658
15774
15559
16470
16776
16514
17891
17301
17136
16795
17530
17516
17539
15670
17240
19383
25400
17406
18207
21299
17546
19752
17691
23775
20789
17878
21551
17066
18157
19353
20594
22941
17254
19955
32782
16284
26152
27481
21712
17898
17008
19682
20354
18018
21131
23666
24046
19096
18226
18835
17372
17546
18984
17333
17314
17705
18688
18305
21428
32704
24302
21633
18263
18814
18821
19288
19166
19123
19127
18999
18972
18983
17993
16393
19551
19626
17977
18481
20382
21424
18589
19377
19247
20000
19376
19256
19918
18997
19178
19718
20480
19559
20266
22951
19193
19895
20763
20064
21585
21703
21362
25389
23784
20126
17916
19172
19338
20361
19843
19165
20227
19770
20634
18471
19012
19590
20140
23078
19928
20298
20484
23359
40658
24320
21379
24326
24021
20336
19391
21599
21190
21361
22445
20752
20396
20346
24635
21591
26476
24049
21340
23372
23690
30431
27996
27186
22010
29566
24130
22253
20971
21325
21412
21209
20535
20598
21837
21222
21406
21988
24203
23551
22251
20422
20376
24255
23776
22022
23399
20710
21426
21570
20960
20964
22088
21288
19635
21311
22600
26515
21238
26513
24295
22739
21212
21227
21296
22970
31909
21827
22103
23777
23889
22317
21944
21068
22240
24908
22412
22214
21814
22994
22672
21785
22140
22290
39356
22025
24249
22334
22886
24321
22615
29922
22838
30013
19797
25179
23561
22766
23233
27203
22477
23302
24659
27642
26500
22410
22637
23282
22423
22451
23766
24124
23434
23231
23218
23415
22147
23474
23700
22845
23934
24417
23891
23469
22640
22881
23816
24057
24520
23557
23830
24522
24125
23854
24002
23981
23272
24075
23974
29582
24714
27544
34593
22319
24792
24977
24325
24355
24493
23674
24092
24493
24496
27572
23688
24263
24319
23790
26927
26117
24939
24839
24003
24375
24033
24624
25135
24638
25346
25688
24663
24356
24218
42454
26208
32011
24498
25404
25081
24708
25230
25738
29896
27607
26865
25270
25973
25171
24040
29372
28630
26344
28179
24766
26567
24524
25063
25947
25222
26036
25074
25458
25752
24978
25132
26421
26759
25649
25266
25221
25750
25719
26194
26188
25990
26220
26659
32669
27325
26433
25452
27855
26280
27915
30876
24916
26602
26126
26372
27342
25134
26196
26507
26988
27300
26274
25831
26005
28211
26650
26296
30341
28530
26642
26453
26620
28012
26878
26130
26956
26446
27849
29379
30737
27512
27810
25883
27321
26956
28704
37711
26345
29797
25350
29066
27431
48955
26133
28526
32514
33946
35079
28237
26860
28303
31014
33677
30122
26123
27347
26301
27932
28102
27048
34296
28498
26921
27997
28645
29346
28794
27794
28137
28401
28040
29143
26766
31334
32531
30423
30897
32436
25276
26833
27105
31261
28118
29862
27178
29828
28969
31799
32549
30728
28453
27531
29172
28991
28565
29225
29394
29115
28019
29387
28007
29001
29026
29406
30059
28183
29821
27619
29508
31401
30521
27233
28458
29741
29001
