163
241
193
122
128
123
132
110
121
130
131
107
102
102
119
105
115
135
155
160
160
102
104
102
109
103
105
115
117
110
101
144
130
137
115
116
112
126
113
117
128
162
160
192
195
116
112
114
116
115
109
112
110
120
119
121
117
115
118
120
122
115
115
118
116
124
126
118
117
113
120
127
121
119
119
123
121
123
114
134
121
131
119
119
120
116
134
236
139
144
141
154
124
124
134
120
121
119
121
141
143
140
141
118
119
118
124
119
113
117
127
119
115
126
120
124
118
118
114
123
119
130
123
122
120
141
130
115
120
112
113
118
119
126
123
124
127
126
133
120
121
122
132
133
126
122
122
119
119
141
124
132
124
124
121
117
121
126
123
120
136
130
132
119
135
129
150
124
123
131
128
116
118
119
120
133
125
122
120
124
124
124
118
142
147
125
126
119
125
131
131
127
128
121
129
120
116
122
127
122
124
128
136
123
132
133
150
126
125
125
119
127
125
123
118
120
125
119
120
118
119
125
121
119
116
118
123
126
118
120
119
120
115
117
120
120
127
124
125
126
131
133
122
120
120
123
128
154
139
133
130
120
115
121
119
119
126
123
119
121
124
121
135
130
128
132
127
130
125
122
128
124
132
123
136
189
217
206
188
147
126
128
136
159
135
129
123
125
123
116
117
121
116
131
141
193
202
164
118
121
123
127
132
124
125
120
118
127
128
126
129
128
131
134
126
119
118
120
119
126
119
131
150
129
121
125
140
131
124
127
132
124
117
124
128
119
120
126
126
121
119
121
128
131
133
126
123
127
134
122
124
135
135
141
133
125
120
134
127
126
131
133
155
128
126
132
134
127
125
123
136
149
164
179
147
115
121
124
141
116
124
125
117
117
115
119
117
121
121
135
125
123
117
117
118
122
118
123
121
117
122
139
142
132
131
124
121
123
134
121
129
121
118
119
120
122
124
123
121
126
125
128
132
130
130
136
158
153
148
157
124
125
124
120
119
146
164
162
119
145
134
123
123
128
126
127
119
130
129
121
127
120
123
114
126
123
119
125
118
122
131
124
120
122
114
124
117
119
120
131
118
120
122
120
123
121
118
120
117
118
161
148
121
146
147
132
156
135
129
134
128
131
126
124
117
147
171
183
125
125
128
119
133
121
128
130
127
130
130
129
127
134
135
128
126
122
126
130
151
133
120
124
131
137
134
135
130
132
127
128
135
129
132
129
125
138
133
128
122
130
128
132
129
129
123
136
130
129
125
129
131
137
125
126
124
124
133
149
131
135
133
137
132
136
131
130
134
137
128
129
143
129
129
127
135
129
133
133
139
132
129
130
130
131
131
129
129
133
132
141
132
131
127
132
135
149
129
129
122
127
124
135
138
132
140
124
122
127
128
124
135
126
130
128
131
126
123
126
131
120
124
138
136
135
133
124
127
131
129
127
127
122
123
122
154
128
135
132
126
125
124
126
129
131
132
135
138
135
126
130
134
142
133
127
133
215
220
195
125
125
119
132
126
147
137
178
164
127
121
150
131
121
120
124
131
127
124
130
132
133
130
130
122
129
126
123
128
131
132
131
131
124
128
127
138
124
125
128
121
128
128
123
123
124
119
125
137
149
135
150
139
135
131
123
133
126
120
128
122
124
124
125
136
124
125
129
129
124
136
143
126
135
126
121
132
125
124
120
125
127
134
134
125
123
125
127
133
134
154
123
124
132
130
124
129
134
125
127
131
129
123
127
135
127
131
127
123
126
134
135
127
134
125
125
130
128
126
120
125
121
119
121
119
121
120
121
126
158
140
131
131
121
122
125
124
126
119
130
130
126
133
138
133
135
133
132
126
127
124
130
123
134
130
132
125
137
124
120
122
124
131
125
126
124
129
129
150
123
128
124
120
122
122
123
123
126
124
125
123
121
123
124
128
134
127
129
134
125
123
136
129
123
129
127
127
126
127
121
124
120
120
121
122
130
124
132
152
134
137
122
127
126
128
126
122
131
132
131
139
125
129
131
123
141
128
139
136
134
131
127
128
126
128
133
134
136
133
128
136
127
125
124
124
124
125
151
137
124
122
124
128
125
123
121
120
118
123
125
145
123
123
128
129
123
124
131
133
134
132
125
127
130
130
123
145
131
129
126
127
123
132
142
159
141
153
129
125
127
138
131
140
166
197
266
180
151
128
191
212
201
139
119
132
126
127
136
126
128
132
132
133
134
129
124
128
128
127
130
164
137
131
128
126
125
128
135
126
121
122
124
124
126
133
124
139
140
135
136
148
