74
84
43
87
62
57
60
50
85
72
64
56
68
74
48
60
146
73
60
60
62
60
58
58
64
65
72
111
71
66
67
77
64
68
100
62
107
64
66
74
68
62
61
61
65
63
66
68
65
97
98
60
82
58
134
172
97
67
100
117
100
65
88
79
76
83
78
72
74
72
65
68
72
72
76
77
74
76
71
75
79
76
81
77
68
73
77
72
70
75
73
73
75
73
71
69
70
72
76
76
72
76
74
90
68
67
73
74
67
70
67
70
71
66
80
76
70
74
73
69
73
76
72
67
67
72
70
88
80
78
74
79
75
83
84
87
82
84
79
84
71
95
70
76
79
72
75
79
82
81
79
83
70
74
78
75
75
74
70
75
74
78
73
73
71
77
74
71
81
77
76
71
80
74
77
78
72
71
71
70
72
72
68
74
69
71
73
76
69
72
73
72
82
82
75
80
68
72
66
73
67
72
73
68
67
70
65
75
71
68
73
76
67
71
70
75
68
68
65
76
74
65
72
67
69
69
63
69
74
69
64
68
66
65
71
71
69
71
74
71
78
77
76
110
85
143
73
78
82
73
77
77
71
76
75
73
77
79
96
78
86
85
78
89
75
75
78
81
86
77
113
96
84
84
83
92
82
78
76
81
82
84
69
70
87
81
77
76
77
80
76
77
77
77
74
77
75
74
80
80
77
74
83
73
81
73
84
75
85
76
83
76
74
88
83
80
75
80
76
81
78
78
98
109
82
75
85
84
73
73
77
83
95
108
130
127
121
113
97
90
85
76
78
78
77
76
75
73
72
74
83
76
72
73
76
74
74
77
73
74
81
81
78
74
75
75
79
83
84
87
79
87
81
76
75
71
77
79
77
73
75
74
90
85
77
81
85
88
80
79
79
81
89
81
74
100
78
79
74
77
75
74
75
75
81
81
76
77
86
74
78
78
82
71
83
72
74
69
76
81
71
72
78
72
65
68
74
78
68
77
88
76
66
73
70
74
62
74
76
67
77
80
70
87
75
72
77
88
81
71
78
75
76
85
78
83
79
80
84
79
76
74
76
73
74
74
64
70
76
72
77
66
77
73
78
77
74
79
72
70
71
75
77
71
70
72
72
69
77
70
67
77
68
78
72
81
78
78
80
73
91
88
94
82
83
79
80
67
83
77
68
73
84
91
83
79
70
74
77
69
69
74
77
79
96
86
83
88
81
76
70
77
87
73
74
75
75
73
76
72
71
73
69
76
73
81
80
73
77
76
73
74
78
71
74
70
78
78
84
74
75
73
79
76
80
73
74
73
74
86
80
83
80
74
80
85
79
85
87
74
75
77
69
78
72
78
71
71
73
69
77
77
79
80
79
77
83
76
73
83
76
72
75
71
75
75
73
77
71
75
71
79
76
70
79
77
71
75
74
76
76
79
75
94
85
85
75
79
80
78
73
74
77
78
71
75
73
77
72
74
73
74
74
91
91
76
78
74
80
73
75
76
74
77
81
77
74
75
77
74
73
78
80
82
72
76
72
75
76
77
75
73
73
70
73
77
74
72
76
84
81
79
75
77
75
72
73
73
71
71
75
80
72
73
72
74
78
72
75
74
76
75
70
75
71
71
80
74
74
91
88
80
80
87
78
80
82
80
72
74
83
77
73
77
74
74
82
77
75
76
76
80
85
79
81
80
81
79
75
78
74
79
71
71
69
72
73
73
73
78
76
85
82
78
76
69
79
81
79
72
87
77
72
78
71
78
70
73
72
77
77
75
73
82
91
87
72
74
78
69
87
81
84
73
80
73
86
80
74
73
76
70
79
75
73
75
76
81
77
83
75
79
78
76
77
81
78
76
83
78
83
77
80
75
77
78
75
83
74
75
79
73
72
82
83
83
74
74
73
73
75
74
83
76
91
77
77
74
89
89
84
74
78
73
71
91
75
72
83
72
82
73
79
74
80
76
83
82
78
75
76
78
84
72
77
68
80
78
76
81
81
77
81
73
75
75
77
77
77
77
70
84
81
79
84
86
82
77
80
74
79
79
79
84
81
74
73
73
83
77
80
75
79
90
84
73
78
91
81
83
84
83
85
78
90
75
82
81
71
87
84
87
70
73
74
78
76
77
78
87
76
76
81
92
83
82
80
77
87
78
79
87
75
79
73
75
77
70
75
74
75
79
76
74
73
79
75
75
84
78
90
78
90
85
81
122
131
98
78
68
71
64
68
71
68
76
71
100
121
87
74
83
73
79
87
111
95
71
72
72
71
69
70
79
78
88
75
77
78
