1371
2225
3310
5553
6246
6842
8026
8883
9582
10950
11871
8237
8725
9955
9941
10916
11259
12562
12584
14410
14037
14947
15960
16072
16679
17316
18422
18634
19283
19972
20733
21976
22153
23179
23538
23914
22661
23942
24064
24406
25043
25479
25942
26831
27480
31572
36303
31617
30200
30345
30820
31606
32191
33314
33341
36524
37080
34903
36159
36811
36822
37517
38334
38760
41030
41404
96526
40928
42081
42654
42952
43488
45018
45541
45260
45755
46451
48759
47827
48751
49460
49516
50516
50868
52368
51812
53713
53014
53912
54946
70316
56122
57148
57468
58179
58488
58850
60640
61294
60716
62574
61758
62516
63566
64736
64189
65025
65803
65661
66572
68042
68091
68152
69026
70360
70274
71892
71350
72433
73594
72898
74050
75108
74813
75733
77011
76553
77436
78651
78537
82667
79635
80280
82258
81440
82497
82640
84839
84682
84550
85959
93481
86818
87640
87228
88523
89400
88907
90770
90691
92287
91477
92678
93582
93675
94705
98873
102502
95962
97030
97865
110625
98198
99878
100193
100505
101059
102171
103428
103644
103488
104486
104511
105724
106303
106665
107941
107924
108077
109651
109125
111113
110475
111325
113199
113227
115503
114612
114372
121154
116423
116149
116783
117566
119750
118772
120838
120131
122143
122068
121861
122490
123981
127287
123988
125700
125104
125880
126783
126284
128370
128455
129787
137263
136467
133321
161905
141691
144942
134366
136735
133607
136325
137064
135725
143087
137949
139039
139501
139792
142463
142009
149254
145492
142029
141975
145429
144382
152063
145187
160970
146518
147218
148286
148252
149412
150270
150336
157577
159787
155727
160636
160186
162131
160252
156564
156751
157080
169166
158450
160814
165412
159881
163301
173180
172626
163927
169332
190589
168885
164456
166220
165510
166676
166241
167597
166957
176270
169056
177500
170192
171445
170348
173294
173163
173279
174548
173368
189969
177192
176798
177111
178598
177143
179504
180165
191456
193784
192094
185113
182123
183257
182763
184226
184185
185737
185389
187296
186804
188029
187379
189958
189069
190305
192100
191121
193372
192189
215065
196367
196249
194676
199758
199732
197873
197274
197297
198297
198385
199677
200185
200286
201604
202980
202856
202453
203892
204021
208935
208152
206101
208945
207220
209115
209344
208543
209973
214376
217676
212957
212326
212649
213143
213647
215225
218668
217523
216043
218484
227600
218744
220450
219492
221423
220819
222163
221954
225044
223327
225629
224503
224815
226110
225960
226370
227479
227303
228413
228960
228921
230139
230870
230501
232856
242649
233721
235852
237403
235877
235990
236952
240091
247273
238691
239947
240145
240625
240370
240791
243085
242610
242186
244959
244157
247106
246153
247664
246258
247401
248890
249640
248559
251245
267442
252651
261820
252953
256912
254204
254402
254517
254787
256132
257392
259987
261450
258158
260552
259858
260403
261032
275782
263641
261617
263267
264171
266063
264881
265765
267124
267354
266324
267838
268452
270700
268688
270100
274786
273798
272294
272544
275019
274338
274317
275077
277875
276037
276773
277753
278966
278585
280779
280330
279549
282485
281434
282618
299087
290221
286956
289020
286688
285042
288800
287867
287235
289091
288552
290021
289860
290958
291706
292060
292352
292701
293535
294515
297737
296849
298914
297648
298095
301070
301193
305784
300194
301009
312400
302638
302393
303489
314666
305579
305482
305082
306055
312541
308889
307422
307621
310189
309195
311626
309687
311327
311522
313112
313627
314211
315009
316843
317802
318629
321989
332103
319662
319717
320418
320619
320262
323177
331650
329781
329209
324923
340616
324649
325979
336760
328886
328411
330134
330765
331625
336041
332471
331552
330960
338906
332338
333225
333591
333980
342099
350831
341131
338589
343323
344291
342922
344452
340111
351954
341242
342468
341828
344525
344274
343976
345870
344417
347044
346595
346891
347285
347874
349053
350983
349646
351313
352180
352594
352844
353103
353272
355059
354865
355121
356609
357603
363142
371319
358978
360068
358927
361215
361020
360828
362865
362622
374714
367462
366816
366159
364996
367910
368253
368978
367381
369922
378385
373802
371886
372928
374266
374313
372376
376689
390189
377869
379049
378206
378915
376828
378431
380474
384825
383897
385040
381452
381420
383775
383286
384707
384907
384816
386231
386033
386786
387151
388140
388764
391117
393739
401207
391531
395472
392358
392656
397020
396278
413598
395751
408884
396281
397885
410155
397730
399576
398736
400023
401759
404310
403025
402325
402794
406251
409617
415708
410577
405211
408317
407092
406744
411563
410710
410457
415264
412688
411166
412098
412540
413827
413954
413877
415131
415604
415684
417413
417095
417496
419083
426135
423130
421789
420634
420297
421286
423180
422253
423759
428405
433409
426086
429543
428646
429341
430248
442910
433974
429921
430042
430951
432596
431345
467532
482920
455820
434604
438852
472618
437076
437530
437778
442891
443241
443370
441948
441475
442217
453026
443354
442924
443509
445136
445980
446105
446584
446024
458425
452143
450962
467735
451839
450931
451348
453382
453323
453807
454968
455599
455566
472232
460356
460448
458142
467702
459749
459883
459828
461286
475863
461736
462575
462657
464427
463870
464531
509846
470705
467551
472645
472350
470034
468200
469770
469039
469724
484859
474800
472827
474245
483731
473601
475652
475616
474531
478544
478139
480336
479860
478063
479872
481988
480662
486371
480925
482943
482151
483626
483471
486552
490164
502926
486258
486564
488438
487641
488113
488646
491435
490434
491801
497972
492637
493892
493612
494622
495803
497923
497069
496505
498415
510013
497608
503344
500661
499622
501969
500516
501169
504614
503365
504763
505187
505434
505931
505971
585462
508499
509452
508303
508888
522724
510056
522069
515088
513545
533954
516156
516613
514986
517058
517317
519811
516643
519730
519342
521319
521762
522462
527110
527673
529950
524320
531788
531072
527343
528733
538134
529007
532079
530590
531071
528949
534374
532376
531885
530477
538019
544723
543023
533818
534175
535626
536108
539486
538274
537357
540196
540333
545726
543307
541857
544094
541872
543262
545463
543821
551991
552584
546492
546127
546895
549179
549231
549219
549443
552100
550580
553981
555115
554617
557735
552840
555495
556373
555186
572340
556968
556461
557762
557826
559291
559563
571992
565543
564566
601724
564750
565483
565659
569173
568794
566775
566778
582232
570823
567564
568955
570264
570803
572297
575791
571745
571806
572766
572937
573911
580573
580604
575610
577082
577061
588466
576997
591745
580708
579558
581400
581269
581539
594250
585660
584017
583620
587825
586145
586806
591719
604822
590229
598022
593700
594251
590880
591680
595819
604645
593990
594466
593853
594222
595048
596634
599146
644408
623020
602349
621071
599901
602186
601885
621000
606391
606709
601986
605145
608542
606948
