101429
203376
411683
407309
499490
639454
768381
783342
895962
934313
1020784
1125465
1170636
1279082
1382144
1477633
1561181
1652817
1893671
1854942
1920643
1999948
2115067
2205468
2355491
2567771
2442371
2583403
2761780
2844778
2879546
3010654
3026306
3093971
3338467
3228947
3315221
3407136
3496327
3604202
3682044
3780118
4052099
3976083
4073743
4127569
4367874
4351797
4497043
4595007
4573646
4712612
4773296
4865979
5182542
5103414
5149657
5265142
5309574
5652451
5563042
5563965
5719616
5744163
6065537
6019370
6033629
6241604
6292920
6507303
6361777
6578899
6569967
6900647
6805294
6839235
7012116
7278200
7145261
7176511
7407402
7474658
7502258
7565239
7914942
7707577
7938951
8227819
8214785
8136565
8241523
8746386
8493743
8575143
8910300
8690009
8776938
9063279
8978546
9045608
