385559
337982
329822
295326
303465
314713
297656
320971
297770
308797
300268
296281
307065
314745
310654
321232
303351
299571
307470
305605
294914
296373
296015
301725
293658
297968
295315
297814
295724
300068
290739
292322
295131
296687
297349
297826
296259
295492
295074
303499
295315
297131
299090
293307
299337
295234
295499
295935
296244
298117
321446
296857
297223
338128
297551
299923
292637
299396
296668
298936
298761
295496
299486
296513
297513
294615
296914
296632
296953
296693
296584
311396
299258
294871
295223
295739
299038
298935
293272
322601
299329
295002
290973
294980
296499
299103
297419
295895
301027
316840
314654
312488
311199
291788
296788
298612
294787
305806
295795
298190
299299
294951
294325
296010
293792
289387
298387
296610
294801
296681
298167
294744
300414
296849
295983
299605
292026
297560
298795
295677
299657
294837
299467
299454
298640
296659
331183
403339
293435
289888
296571
294250
296365
297714
294807
295755
301049
296599
296820
298356
296163
292787
297029
295365
297968
303627
295166
294426
297814
299000
295406
287328
290765
296719
292214
331961
298167
300636
297993
296035
307183
297683
297912
294984
297857
303883
307329
319932
329121
314597
335288
295748
299002
295353
295237
302517
298180
291804
298425
298381
297942
299491
295891
297729
298198
293003
311409
305090
297055
317976
292351
302122
298673
292334
298007
293344
296478
304396
297476
301113
295198
298678
300145
306930
302647
296390
294887
299684
295395
298966
299785
297819
295264
296770
299262
304432
291711
298465
294448
295186
290503
293739
300328
295318
309275
318997
311814
309954
301314
294186
298645
292869
299495
297094
295738
300324
300949
297755
299681
295609
295873
302028
314482
312273
314991
305633
333372
297987
300408
292032
294742
301513
303271
298082
301092
296725
298150
299539
298817
294095
299963
294334
297356
296231
297051
300532
299106
303497
300037
296348
298619
300018
300084
295436
295399
297663
297946
295837
311222
299747
293048
294860
301353
293420
293946
293929
295864
297080
299610
297767
295498
297773
294858
301796
296389
295288
301487
297880
296613
299978
298246
297366
295248
296182
294883
297426
298622
298244
294750
300272
300240
297839
294351
296197
295503
298655
295420
293892
292119
310535
310541
323913
312905
309816
302215
297823
298221
305982
300400
294866
295269
297528
295937
297628
294367
296973
303051
300233
295291
299332
299695
302966
299882
301804
298519
298613
300874
294653
293555
300001
295663
302342
292887
295549
304105
295502
298726
308847
312097
302200
300537
296422
301241
292240
298607
292378
295021
296480
291324
295326
293645
294597
293321
297656
295761
298463
293083
294054
297418
296670
290856
306302
301424
305083
298584
297777
300407
298672
297787
294591
293515
302205
296370
301565
299991
299738
314896
325511
324135
325788
305976
290207
290478
299819
296686
294446
297800
294780
296635
298468
292906
295785
299251
292773
322773
294614
295901
305203
292935
299224
297218
297833
306216
298267
298868
299278
290430
302549
297750
298819
296643
298625
313892
293692
296983
296922
300521
293043
296960
297244
294427
296596
300009
296996
294768
297989
293487
297362
298319
295622
297892
300660
293219
299500
294260
295857
300377
304736
292653
298952
290047
299350
295352
297776
297723
289245
300045
294771
295307
340167
292821
293402
302388
306203
314474
319970
309962
297767
299165
294937
302720
295360
296372
288633
295946
298542
294832
296812
297177
295129
305773
293657
297932
300024
294695
301648
297588
298410
301152
295677
300085
296324
298782
299419
297994
298061
297032
294068
299789
291414
294736
313522
298149
301601
292712
299904
300663
293589
295693
298115
293004
304314
299529
295469
294714
294096
294137
302118
294038
298794
298985
289745
299238
296748
297926
298127
299650
297140
297671
295463
299896
296693
296814
292449
291896
297667
296010
297754
304780
293357
302679
318126
302182
312738
300969
297770
299603
295928
298739
295424
294540
297091
293280
295841
294577
294950
297527
296719
297760
337089
293640
297303
300029
296658
303918
294530
294651
298659
296698
294934
295288
297814
331374
294823
296422
301666
291448
297476
328590
297419
292955
292993
296496
299251
296421
294115
293283
297550
301528
299725
293994
295708
295444
298948
297164
295937
300470
300814
296533
297824
297823
296923
295953
297598
298086
297198
298558
297165
304172
296814
301095
298343
300407
299296
297780
293349
297787
322278
317020
330327
321344
297965
298833
295286
296537
297939
297595
298895
294022
292797
298808
296153
292611
301458
297767
298956
292285
295388
296609
299436
294306
298910
295869
294495
299250
300053
295083
292717
291814
300121
294869
299464
299386
297460
309370
302252
294653
297402
297292
294929
300283
296932
296232
296585
299786
298767
297328
298137
293961
298020
294536
297288
295589
296076
313436
310508
298881
307203
300107
295323
302507
294048
297359
297035
296346
301116
296231
288183
297911
297442
295553
297667
295177
292717
310080
319206
304152
312758
312133
299313
300025
296437
298946
298546
297570
299622
308866
297723
295385
294161
296364
299535
294729
294333
296515
296731
299009
294775
296019
300194
291834
297929
297822
296519
297358
296005
292306
300355
298297
297780
299350
295854
301376
316073
294520
296470
291209
296784
297046
293709
307658
298868
291048
297707
292907
298959
293068
295108
298241
295461
296730
296296
297333
299628
291601
297716
298012
295360
295161
298348
298407
305776
296539
295841
300445
297623
298441
294666
302134
304140
293264
320483
316804
312946
318066
298458
298648
296404
292388
296459
293838
293183
293680
298697
293578
298010
297515
289048
299434
298141
301062
297499
294800
290345
292992
294340
294719
291389
296789
295808
291063
299378
299824
300404
298786
295987
297350
299433
293779
305309
304271
297303
291130
296355
294204
296358
296703
295654
294272
297227
297383
294665
295805
295700
299852
291457
298825
292922
295158
295637
297049
296397
300665
294913
296309
293687
293783
297353
299938
297187
299254
298408
296256
299842
292471
303727
288911
295350
310377
318247
320305
325410
301380
297607
302618
299218
296029
301439
299877
298682
298659
337403
296706
300487
294958
297717
294319
296643
298350
296836
300421
299343
297495
295056
306872
297373
299851
292666
298622
299533
296633
298090
294670
296108
303356
301019
299850
305706
298438
293793
297263
295418
295496
294337
298360
294269
293416
292913
296906
299887
294756
299480
292663
292891
299910
297098
295063
298696
321805
298706
292758
295651
298842
296885
309581
301866
298448
298609
294250
299343
296719
301703
297095
294335
294904
324118
312873
342438
318277
300311
300320
295152
307790
297608
300355
299411
295231
300189
296160
303380
298069
295572
298560
293629
296659
298449
292605
322339
390035
295476
297423
292236
299347
296427
296662
294594
297977
298196
295119
290468
303425
316886
297892
299863
294766
300443
295096
294123
299204
293970
296788
297701
297842
302598
288875
296648
299433
298883
303469
294765
300201
296053
293300
298670
293036
298362
299740
290916
299314
297922
