1592
2676
2689
3218
4883
6419
7766
8704
10323
10009
11554
12742
13699
15300
15418
17481
18341
17099
15002
15914
14264
15537
17463
20491
18185
18871
20312
20301
20879
21780
21603
21112
21766
23063
23033
23772
24404
24367
27574
31145
36447
29671
27967
29046
29598
30153
31207
32914
32634
35101
35603
35504
35607
35673
36602
36838
37616
41183
59821
48270
40505
41684
43055
43412
44503
44804
47426
45681
48598
48096
56930
48378
49654
62685
50091
50087
52250
52988
54120
52528
55676
57455
55599
56618
65175
71311
64978
59421
59752
61240
62951
62475
62929
65811
67802
69774
71654
69997
65378
66901
67226
66494
68303
69390
69296
70413
70869
71496
71920
75217
74209
73689
74188
75700
84462
82106
77962
78260
82475
79602
81119
79922
81404
82124
81640
83494
85479
84611
84061
86031
88202
86481
89806
88057
89508
90094
89808
106524
90506
92608
92371
94530
93530
94196
95944
96936
96182
96774
102164
102671
101811
101315
100809
100521
104855
104402
105055
107014
107140
106403
108161
108323
109625
112945
156853
123892
110949
116308
111970
112343
115630
114516
133739
122556
123475
116332
121222
117425
118476
120376
119612
119002
123264
122291
120620
123044
125341
124285
125775
128362
126386
127422
134188
136597
136618
128943
129550
130970
130812
132456
146982
137067
133604
134088
135289
142366
143300
137076
137179
138838
139724
139856
140469
140618
142126
142667
142994
142425
143579
145960
145357
147601
147325
147121
149243
148385
151314
149934
153355
151663
151959
153871
153251
154314
155098
155991
156615
156365
158311
159055
160247
167930
173631
167797
163737
161133
164594
165511
165621
166411
166005
167229
167883
167194
166837
174742
174563
179930
172052
174279
171739
175312
174027
179269
174848
176049
178566
183855
187359
178278
179322
179345
180458
180666
181214
181753
182743
183531
183757
184239
185504
185777
186910
186944
196437
188616
189553
189863
191350
190432
191844
192120
203609
195042
197213
198711
196037
198439
197657
198483
197404
199974
199778
199828
200465
201875
202005
206847
203797
209560
204733
206361
206927
209188
208218
208785
209758
208943
214889
217921
212132
212766
213757
213006
214710
214322
216090
215765
225094
220841
224464
222135
220805
221224
222721
221260
222313
222919
224416
224989
225613
225839
226409
225725
236196
229574
234394
231913
231547
230455
233137
232624
232690
235624
235541
233587
236241
236544
238047
237687
237702
239052
243115
269796
249126
252436
245688
243906
242171
245095
244448
246583
245324
246167
249994
248219
249160
250990
249221
251547
256165
252632
254152
253893
255146
254058
255580
255045
257641
256437
258438
258751
259080
261282
261425
261098
263070
262858
262797
264170
263533
265964
277108
268022
269855
268310
269762
267974
272246
273010
269620
270260
271200
272444
273395
274339
276559
274622
276859
275379
276467
277276
278879
278779
280604
282385
280340
282091
285735
282928
284575
285227
284597
283941
287456
286964
288320
294392
295081
290884
293173
291061
293066
292012
293615
294540
300127
296287
299076
299054
297405
297429
298719
311089
313343
302944
303672
303560
304074
304242
304535
306162
304460
314081
308604
307827
308241
310249
312065
312244
319433
309442
312236
311496
313076
314050
314740
315912
315025
317884
317897
317902
320567
319505
322054
321051
321697
322403
324160
322191
324271
324493
324831
326115
326575
327329
328238
327602
330950
330797
337451
336074
332214
347669
334737
334556
332598
334329
336805
337148
337217
336726
339477
340338
353310
345430
351097
341126
345503
342376
344494
344281
347851
347775
349980
346763
348422
347578
348608
357264
356035
351827
352121
350769
353001
354025
352858
355215
355430
357641
356747
357707
363012
360725
360526
359961
360879
363049
360967
362512
365450
364766
365716
365941
366287
365688
366535
379093
369422
376573
373054
370929
370314
372028
372940
374345
373795
373686
374820
376735
377304
377766
376470
377957
383679
379670
383956
384932
383897
381293
389356
386373
382817
386706
401434
388191
387665
388592
391233
390024
391591
391188
391092
391719
392380
392749
394684
393642
396704
396829
397454
399626
395996
399092
399082
399568
401582
401605
404663
405817
415165
402609
407057
406497
405392
407727
406913
408059
410999
408287
412024
411407
411616
411794
415538
412080
416538
415592
421562
416455
416920
418750
417317
426525
427919
419366
424108
421054
422302
476696
422329
424750
424474
425585
426581
426764
425974
427518
428176
429460
430838
432105
431742
432322
432371
433083
449874
438550
435167
435357
436098
435403
439705
440343
439784
437550
440571
440230
442482
442594
441713
442923
447805
444218
446108
445054
446464
445990
453587
458215
451542
450203
451725
450411
451927
452591
454503
455239
457670
502436
459310
455040
458258
459260
459246
459861
458979
459443
461675
461220
463765
475723
462416
465515
464864
465863
466780
467426
469868
470208
467379
471753
473303
471784
471848
475028
474547
474170
477535
478028
475672
477304
495866
480252
484898
478301
481070
483982
498768
482918
497526
482500
483067
484436
487898
488330
488683
488922
486395
487252
492560
489978
489137
512287
494379
495514
493485
494794
494229
496071
495578
495603
498497
497883
512452
502496
499523
500952
504117
503842
504024
504811
504964
518427
504851
506054
507143
509079
524540
508495
515894
509727
508723
510124
509665
519665
521596
513948
514320
513827
519976
517303
521347
527357
516238
519489
521519
523851
524776
520303
520122
524188
526649
529906
529258
530604
526745
525946
526700
528568
527497
538856
536621
530564
535028
531074
534276
534422
532908
544971
536480
539477
533921
535172
538275
541303
538002
539994
540317
541069
545277
548402
545359
543859
545888
548477
546727
549317
555775
549423
553345
550878
549538
551874
551818
550306
551479
554216
561155
555345
556231
555082
555428
559514
557597
557864
560060
560824
570905
568250
564027
559489
562515
561651
564652
566413
573804
568287
566111
570319
567931
567926
568813
575665
574685
574613
572389
583857
573881
572918
574185
575560
576790
576378
589513
582003
580523
579716
581482
581954
580234
586088
584080
586481
584362
584113
595351
593571
586633
587323
586255
596001
599304
591470
590890
592065
591223
592381
593462
597282
596799
597478
598411
596463
597023
599953
597140
596461
609855
599862
600824
603881
605856
603687
602598
603806
604483
604363
607183
608132
609671
610120
622168
611815
613551
626981
614812
615171
612340
613333
614489
616140
620092
618371
621289
619393
620030
620583
624729
621125
623599
648472
621727
620192
622807
622753
623112
622385
624741
629718
628372
627565
629223
631160
630667
630788
637411
655618
652071
652167
635599
639156
636368
642081
639306
638265
640034
638287
639433
641881
643210
641984
642431
657853
645734
647244
644887
645486
669809
647462
647258
650786
650995
649130
650671
651934
652432
650330
654385
676209
659252
662141
657942
658830
675434
658918
659856
659119
675917
660106
