30
47
51
42
60
59
69
84
85
93
90
97
105
128
165
127
133
142
168
157
164
170
196
184
191
211
235
213
225
226
238
250
262
264
277
272
312
300
314
333
311
317
324
332
338
358
357
360
369
373
381
390
397
406
413
429
425
432
444
447
454
463
469
555
561
494
500
534
561
591
598
602
613
548
590
568
608
577
585
593
603
606
615
621
630
634
648
671
672
685
683
686
855
787
787
797
805
816
830
799
854
831
787
859
855
795
796
796
801
812
821
829
834
839
846
882
865
871
882
888
895
904
913
952
940
936
993
1029
1038
988
1018
1092
1095
1115
1211
1182
1155
1089
1100
1195
1090
1084
1097
1133
1159
1126
1162
1174
1129
1138
1136
1148
1159
1193
1138
1148
1152
1160
1167
1173
1183
1208
1197
1203
1243
1232
1233
1239
1238
1286
1258
1263
1270
1281
1282
1298
1315
1316
1315
1321
1396
1342
1358
1356
1360
1425
1585
1712
1510
1434
1583
1744
1663
1562
1561
1610
1466
1466
1480
1594
1489
1494
1524
1533
1525
1525
1528
1537
1597
1557
1567
1616
1699
2011
1956
1881
1725
1713
1657
1795
1834
1773
1659
1737
1708
1812
1807
1822
1778
1694
1709
1705
1702
1721
1811
1734
1731
1739
1746
1798
1767
1770
1906
1983
1842
1846
1830
1852
1828
1828
1897
1846
2005
2252
1891
1872
1927
1908
1891
1916
1914
1965
1948
1960
1938
1982
1954
1968
1968
1977
1987
1995
1996
2049
2024
2022
2062
2069
2394
2045
2079
2084
2235
2167
2181
2089
2163
2100
2141
2115
2179
2153
2227
2252
2181
2290
2168
2220
2197
2247
2317
2268
2234
2324
2461
2283
2387
2286
2296
2380
2502
2619
2490
2826
2542
2638
2670
2554
2584
2552
2701
2519
2703
2495
2514
2406
2553
2408
2622
2414
2594
2431
2613
2449
2556
2488
2594
2504
2689
2511
2650
2519
2707
2531
2667
2568
2652
2598
2761
2623
2794
2692
2702
2604
4010
2872
2671
2728
2847
2831
2810
2726
2707
2817
2903
2767
2728
2793
2837
2898
2854
2833
2908
2781
2833
2794
2945
2942
2950
2867
2934
2906
2901
2879
2903
2894
2961
2911
2922
2926
2948
2935
2965
2951
2987
2963
2995
2977
3197
3167
3042
3193
3210
3298
3093
3132
3325
3194
3194
3204
3128
3206
3072
3155
3159
3209
3186
3197
3453
3307
3363
3363
3319
3108
3199
3281
3305
3341
3298
3348
3397
3529
3415
3311
4169
3630
3412
3430
3539
3369
3326
3406
3441
3424
3404
3445
3475
3508
3415
3495
3524
3480
3519
3540
3454
3477
3696
3622
3722
3428
3496
3620
3564
3543
3560
3583
3673
3602
3654
3492
3610
3589
3663
3674
3668
3758
3648
3673
3678
3726
3622
3618
3697
3709
3750
3915
3987
3949
4080
3865
3741
3836
3784
3892
3793
3772
3798
3931
3861
3883
5196
3916
3929
3977
3858
3850
3962
3857
3839
3909
4363
3935
3897
3949
3912
4042
4044
4200
4101
4115
4202
4338
3978
4030
4014
3989
4067
4000
4000
4074
4026
4030
4069
4052
4099
4102
4108
4062
4050
4145
4120
4185
4135
4220
4451
4173
4155
4182
4174
5073
4150
4148
4305
4446
4289
4156
4219
4257
4530
4419
4116
4267
4248
4333
4283
4245
4324
4375
4613
4676
4485
4340
4373
4343
4377
4341
4393
4348
4541
4386
4443
4448
4429
4398
4438
4417
4421
4448
4411
4463
4439
4504
4660
4502
4611
4637
4554
4513
4620
4517
4513
4660
4634
4535
4590
4433
4536
4631
4658
4556
4710
4627
4762
5956
4603
4694
4681
4642
4680
4835
4858
4724
4570
4712
4705
4748
4845
4670
4737
4958
4888
4923
4737
4938
6238
6386
4997
5027
5029
5147
4767
4900
4906
4992
4818
4836
4873
4959
4885
4961
5129
5014
5003
4923
4938
4826
4972
4946
5021
4982
4955
5015
4920
5071
4965
4973
5106
5035
5041
5191
5015
4994
5066
5038
5129
5141
5083
5061
5237
6387
4962
5159
5115
5244
5085
5087
5230
5233
5155
5468
5323
5160
5149
5155
5164
5213
5318
5192
5226
5238
5235
5334
5130
5257
5277
5243
5363
5181
5385
5142
5548
5262
5441
5336
5544
5208
5515
5299
5379
5506
5341
5330
5445
5248
5473
5293
5630
5274
5565
5423
5513
5302
5458
5728
5389
5603
5405
5542
5826
5632
5549
5455
5646
5431
5545
5565
5553
5603
5556
5594
5477
5725
6246
5560
5625
5615
5703
5659
5609
5846
5595
5698
5612
5728
5779
5654
5744
6069
5680
5723
5731
5741
5830
5692
5933
5843
5817
5705
5900
5742
6192
5641
5758
5920
5891
5917
5995
5581
6056
5724
6040
5776
5883
5872
5940
5913
5972
5933
5938
6231
6189
6147
6492
5852
5961
6167
5932
7533
5941
6063
6064
6202
6009
6103
6060
5985
6160
6173
6072
6193
6070
6171
6065
6057
6188
6075
6143
6086
6426
6096
6136
6291
6162
6126
6234
6401
6210
6233
6235
6189
6562
6414
6759
6185
6156
6311
6233
6373
6257
6481
6650
6583
6303
6275
6372
6353
6266
6474
6259
6298
6363
6395
6455
6298
6479
6382
6490
6396
6486
6485
6653
6496
7487
6805
6541
6494
6426
6454
6483
6650
6464
6428
6711
6721
6841
6984
6635
6605
6547
6634
6675
6601
6523
6589
6562
6704
6519
6743
6614
6683
6679
6669
6688
6678
6876
6605
7035
6631
6791
6842
6720
6857
6719
7115
6716
6832
6744
6523
7033
6719
6797
6758
6946
7167
6820
6805
6823
6981
7014
6826
6861
6935
6897
6815
6850
6955
7886
7103
6949
7039
7096
7205
6960
7242
7070
6939
6891
7110
7023
6950
7002
6992
6973
6987
6920
7711
7072
7021
7116
7046
7233
6997
7209
7137
7210
7492
7118
7115
7074
7226
7164
7179
7142
7217
7270
7097
7094
7141
7280
7212
7374
7396
7216
7227
7185
7194
7862
7601
7449
7265
7424
7604
7320
7304
7477
7342
7382
7286
7344
